0.25,0.25,0.25,0.25
7.72260495207357741e-05,0.93463400058586632,2.14063774124990544e-05,0.0652673669872005091
7.72260495959937028e-05,0.934634000585079838,2.1406377412552387e-05,0.0652673669879114543
7.72260496713331093e-05,0.934634000584301572,2.14063774126187435e-05,0.0652673669886145308
7.72260497468188831e-05,0.934634000583527857,2.14063774126964978e-05,0.0652673669893126529
7.72260498224776413e-05,0.93463400058276036,2.14063774127876961e-05,0.065267366990004419
7.72260498983302142e-05,0.934634000581997748,2.14063774128907461e-05,0.0652673669906912168
7.7226049974393556e-05,0.934634000581241686,2.14063774130072098e-05,0.065267366991370715
7.72260500506836858e-05,0.934634000580490731,2.14063774131364873e-05,0.0652673669920454669
7.72260501272102395e-05,0.934634000579744328,2.1406377413277908e-05,0.0652673669927150563
7.72260502039901576e-05,0.934634000579002366,2.14063774134326778e-05,0.0652673669933800937
7.72260502810300404e-05,0.9346340005782664,2.1406377413600841e-05,0.0652673669940388584
7.7226050358339144e-05,0.934634000577535651,2.14063774137816351e-05,0.0652673669946922941
7.72260504359266573e-05,0.93463400057680901,2.14063774139758225e-05,0.0652673669953411362
7.72260505138008742e-05,0.934634000576087809,2.14063774141828746e-05,0.0652673669959844133
7.72260505919669042e-05,0.934634000575371049,2.1406377414403303e-05,0.0652673669966227638
7.72260506704337054e-05,0.934634000574657953,2.140637741463683e-05,0.0652673669972568676
7.72260507492052216e-05,0.934634000573950297,2.1406377414884062e-05,0.0652673669978855592
7.72260508282891642e-05,0.934634000573247858,2.14063774151444162e-05,0.0652673669985086025
7.72260509076863058e-05,0.934634000572548973,2.14063774154183162e-05,0.0652673669991280375
7.72260509874043576e-05,0.93463400057185464,2.14063774157058432e-05,0.0652673669997421158
7.72260510669361435e-05,0.934634000571162638,2.14063774159923131e-05,0.065267367000354376
7.72260511472196203e-05,0.93463400057047763,2.1406377416304909e-05,0.065267367000958823
7.72260512278493506e-05,0.93463400056979673,2.14063774166302882e-05,0.065267367001558968
7.72260513088344011e-05,0.934634000569120271,2.14063774169699179e-05,0.0652673670021538671
7.72260513901836893e-05,0.934634000568447587,2.14063774173231984e-05,0.0652673670027448388
7.72260514718130675e-05,0.934634000567780232,2.14063774176903364e-05,0.0652673670033303843
7.72260515537749435e-05,0.934634000567116874,2.14063774180702984e-05,0.0652673670039113363
7.72260516360671217e-05,0.934634000566457512,2.14063774184642907e-05,0.0652673670044881665
7.72260517187012301e-05,0.934634000565804257,2.14063774188727469e-05,0.0652673670050582244
7.7226051801686078e-05,0.934634000565154999,2.14063774192945761e-05,0.0652673670056242716
7.72260518850257987e-05,0.934634000564509515,2.14063774197303678e-05,0.0652673670061857808
7.72260519687277921e-05,0.934634000563869138,2.1406377420181467e-05,0.0652673670067419887
7.72260520527959205e-05,0.934634000563232759,2.14063774206455699e-05,0.065267367007293825
7.72260521372368383e-05,0.934634000562601597,2.14063774211247873e-05,0.0652673670078401935
7.72260522220532966e-05,0.93463400056197421,2.14063774216176114e-05,0.0652673670083822738
7.7226052307251611e-05,0.934634000561351264,2.14063774221258718e-05,0.0652673670089193303
7.72260523928340446e-05,0.934634000560732647,2.14063774226487927e-05,0.0652673670094518626
7.72260524788014377e-05,0.934634000560119582,2.1406377423186452e-05,0.0652673670099784276
7.72260525651619355e-05,0.934634000559510403,2.1406377423738775e-05,0.0652673670105005516
7.72260526519213925e-05,0.934634000558904776,2.14063774243063142e-05,0.0652673670110188453
7.7226052739082289e-05,0.934634000558305145,2.14063774248889136e-05,0.0652673670115308385
7.72260528266500458e-05,0.93463400055770951,2.14063774254865157e-05,0.0652673670120383215
7.7226052914628241e-05,0.934634000557119315,2.14063774260999404e-05,0.065267367012540059
7.72260530030228917e-05,0.934634000556532674,2.14063774267286895e-05,0.0652673670130375777
7.72260530918422787e-05,0.93463400055595125,2.14063774273730512e-05,0.0652673670135296008
7.72260531811226278e-05,0.934634000555373823,2.14063774280336285e-05,0.0652673670140170026
7.7226053270823837e-05,0.93463400055480117,2.14063774287098115e-05,0.0652673670144991447
7.72260533609288031e-05,0.934634000554233846,2.14063774294023592e-05,0.0652673670149758606
7.72260534514691307e-05,0.934634000553670963,2.14063774301100044e-05,0.0652673670154474139
7.72260535424542928e-05,0.934634000553112854,2.1406377430834143e-05,0.0652673670159139158
7.72260536339010133e-05,0.934634000552559407,2.14063774315747954e-05,0.0652673670163750053
7.72260537258271951e-05,0.934634000552010624,2.14063774323323512e-05,0.0652673670168311543
7.72260538182108019e-05,0.934634000551467392,2.14063774331064986e-05,0.0652673670172814191
7.72260539110322907e-05,0.934634000550928046,2.14063774338973902e-05,0.0652673670177272292
7.72260540043245267e-05,0.934634000550393584,2.14063774347053784e-05,0.0652673670181672105
7.72260540981408795e-05,0.934634000549864341,2.14063774355307713e-05,0.0652673670186020016
7.72260541924848592e-05,0.934634000549338873,2.14063774363738537e-05,0.065267367019032102
7.72260542873570759e-05,0.934634000548819732,2.14063774372348593e-05,0.0652673670194555827
7.72260543826592058e-05,0.934634000548304811,2.1406377438112731e-05,0.0652673670198744005
7.72260544783401017e-05,0.934634000547795996,2.14063774390065168e-05,0.0652673670202866957
7.72260545745192834e-05,0.93463400054729151,2.14063774399184257e-05,0.0652673670206941892
7.7226054671198838e-05,0.93463400054679191,2.14063774408480139e-05,0.0652673670210960205
7.72260547683859753e-05,0.934634000546299193,2.1406377441795986e-05,0.0652673670214906354
7.72260548660857641e-05,0.934634000545809585,2.1406377442762515e-05,0.0652673670218815033
7.72260549643037067e-05,0.934634000545326082,2.14063774437469435e-05,0.0652673670222658486
7.7226055063041348e-05,0.934634000544847576,2.14063774447494239e-05,0.0652673670226446151
7.72260551623074159e-05,0.93463400054437451,2.14063774457711964e-05,0.0652673670230172892
7.72260552621081581e-05,0.934634000543907439,2.14063774468120033e-05,0.0652673670233837877
7.72260553624488601e-05,0.93463400054344381,2.14063774478712892e-05,0.0652673670237459008
7.7226055463338819e-05,0.934634000542986398,2.14063774489496638e-05,0.0652673670241012277
7.72260555647870877e-05,0.93463400054253476,2.14063774500480995e-05,0.0652673670244501847
7.72260556667974339e-05,0.934634000542088228,2.14063774511656477e-05,0.065267367024793882
7.7226055769370332e-05,0.934634000541646692,2.14063774523031655e-05,0.0652673670251316812
7.72260558724818211e-05,0.934634000541211485,2.14063774534593112e-05,0.0652673670254627636
7.7226055976187724e-05,0.934634000540781162,2.14063774546364804e-05,0.0652673670257880034
7.72260560805408008e-05,0.934634000540356835,2.14063774558344289e-05,0.0652673670261069844
7.72260561854674069e-05,0.934634000539937615,2.14063774570530382e-05,0.0652673670264198452
7.72260562909080604e-05,0.93463400053952328,2.14063774582902891e-05,0.0652673670267276546
7.7226056396965774e-05,0.93463400053911494,2.14063774595493934e-05,0.0652673670270284417
7.72260565036689403e-05,0.934634000538714149,2.14063774608294432e-05,0.0652673670273215406
7.72260566110289027e-05,0.934634000538317133,2.14063774621309127e-05,0.0652673670276097545
7.72260567190527898e-05,0.934634000537926113,2.14063774634544897e-05,0.0652673670278915014
7.72260568277447488e-05,0.934634000537539755,2.14063774648003472e-05,0.0652673670281677942
7.72260569370782708e-05,0.934634000537159615,2.14063774661675837e-05,0.06526736702843694
7.72260570467863712e-05,0.934634000536788356,2.14063774675537328e-05,0.0652673670286972457
7.72260571571545745e-05,0.934634000536420984,2.14063774689617184e-05,0.0652673670289528329
7.72260572681244964e-05,0.934634000536060383,2.14063774703915202e-05,0.0652673670292011066
7.72260573797458612e-05,0.934634000535705334,2.14063774718431144e-05,0.0652673670294430519
7.72260574921270485e-05,0.93463400053535528,2.14063774733180427e-05,0.0652673670296793074
7.72260576050398201e-05,0.934634000535013776,2.14063774748157427e-05,0.0652673670299063341
7.72260577186527559e-05,0.934634000534676823,2.14063774763355027e-05,0.0652673670301281011
7.72260578329413936e-05,0.934634000534346976,2.14063774778786477e-05,0.0652673670303422354
7.72260579478935088e-05,0.934634000534021792,2.14063774794442322e-05,0.0652673670305509018
7.72260580635241448e-05,0.934634000533704823,2.14063774810339437e-05,0.0652673670307507559
7.722605817984165e-05,0.934634000533392517,2.14063774826462031e-05,0.0652673670309448783
7.72260582968650115e-05,0.934634000533087761,2.14063774842835415e-05,0.0652673670311311044
7.72260584146185967e-05,0.934634000532789,2.14063774859440412e-05,0.065267367031310447
7.72260585331159582e-05,0.934634000532495901,2.14063774876294877e-05,0.0652673670314832949
7.72260586523789696e-05,0.93463400053221013,2.14063774893394947e-05,0.0652673670316482324
7.72260587723509951e-05,0.934634000531930131,2.14063774910745841e-05,0.0652673670318063559
7.72260588930162866e-05,0.934634000531657683,2.14063774928341087e-05,0.0652673670319563054
7.72260590144058657e-05,0.934634000531390563,2.14063774946173503e-05,0.0652673670321002319
7.72260591365324313e-05,0.93463400053113066,2.14063774964262535e-05,0.0652673670322363314
7.72260592594041284e-05,0.934634000530878639,2.14063774982614622e-05,0.0652673670323635907
7.72260593830286819e-05,0.934634000530632059,2.14063775001213195e-05,0.0652673670324846189
7.7226059507417869e-05,0.934634000530393139,2.14063775020070893e-05,0.0652673670325974453
7.72260596325746306e-05,0.934634000530160658,2.14063775039183853e-05,0.0652673670327027222
7.72260597585102017e-05,0.934634000529935394,2.14063775058562984e-05,0.0652673670328003247
7.72260598852297594e-05,0.934634000529716791,2.14063775078206525e-05,0.0652673670328903777
7.72260600127400257e-05,0.934634000529505182,2.14063775098115696e-05,0.0652673670329722427
7.72260601410502029e-05,0.934634000529300901,2.14063775118296899e-05,0.0652673670330461836
7.72260602701700622e-05,0.934634000529103282,2.14063775138749221e-05,0.0652673670331124917
7.72260604001239847e-05,0.934634000528912212,2.14063775159466597e-05,0.0652673670331717082
7.72260605309230022e-05,0.934634000528728803,2.14063775180469321e-05,0.065267367033222265
7.7226060662586183e-05,0.934634000528553388,2.14063775201753836e-05,0.0652673670332638428
7.7226060795134913e-05,0.934634000528383413,2.14063775223319363e-05,0.0652673670332992312
7.72260609285055089e-05,0.93463400052822232,2.14063775245172542e-05,0.065267367033324572
7.72260610626049869e-05,0.934634000528068332,2.1406377526728803e-05,0.065267367033342405
7.72260611976291402e-05,0.934634000527922115,2.14063775289698861e-05,0.06526736703335137
7.72260613333867563e-05,0.934634000527782782,2.14063775312384098e-05,0.065267367033352508
7.72260614701070084e-05,0.934634000527651554,2.14063775335372978e-05,0.0652673670333447364
7.72260616076882932e-05,0.934634000527528319,2.14063775358651816e-05,0.0652673670333279859
7.72260617461087369e-05,0.934634000527412079,2.14063775382223387e-05,0.0652673670333036998
7.72260618854634647e-05,0.934634000527305164,2.14063775406100975e-05,0.0652673670332688804
7.72260620257075094e-05,0.934634000527204134,2.14063775430267536e-05,0.0652673670332269695
7.72260621669653102e-05,0.934634000527110875,2.14063775454752548e-05,0.0652673670331767874
7.72260623089681612e-05,0.934634000527026165,2.14063775479522943e-05,0.0652673670331171685
7.72260624520090409e-05,0.934634000526949671,2.14063775504609213e-05,0.065267367033047835
7.72260625959358629e-05,0.934634000526880615,2.14063775530007834e-05,0.0652673670329704664
7.7226062741006098e-05,0.934634000526819553,2.14063775555742593e-05,0.0652673670328838412
7.72260628868186457e-05,0.934634000526766484,2.1406377558176419e-05,0.0652673670327886257
7.72260630336544092e-05,0.934634000526721742,2.14063775608110913e-05,0.0652673670326837235
7.72260631813671703e-05,0.934634000526685105,2.14063775634762974e-05,0.0652673670325698702
7.7226063330143615e-05,0.934634000526657793,2.14063775661753374e-05,0.0652673670324458166
7.72260634799388303e-05,0.934634000526637365,2.14063775689078182e-05,0.0652673670323137972
7.72260636306560375e-05,0.934634000526626374,2.1406377571671497e-05,0.0652673670321712723
7.72260637823357046e-05,0.934634000526623154,2.1406377574468e-05,0.0652673670320200044
7.72260639354646248e-05,0.93463400052662815,2.14063775773033039e-05,0.0652673670318588556
7.72260640891201148e-05,0.934634000526642583,2.14063775801661939e-05,0.0652673670316881449
7.72260642438024934e-05,0.934634000526665676,2.14063775830629179e-05,0.0652673670315073451
7.72260643995316691e-05,0.934634000526696984,2.14063775859935231e-05,0.0652673670313174553
7.72260645564211851e-05,0.934634000526736952,2.14063775889603238e-05,0.0652673670311175874
7.72260647148089466e-05,0.934634000526785358,2.14063775919667147e-05,0.0652673670309079079
7.72260648741043072e-05,0.934634000526842312,2.14063775950069938e-05,0.0652673670306886666
7.72260650340493625e-05,0.934634000526909148,2.14063775980766107e-05,0.0652673670304587672
7.72260651950584538e-05,0.934634000526986641,2.14063776011819995e-05,0.0652673670302170439
7.72260653571590113e-05,0.934634000527071684,2.14063776043231772e-05,0.0652673670299668135
7.72260655204015591e-05,0.934634000527166942,2.14063776075007332e-05,0.0652673670297050229
7.7226065684685998e-05,0.934634000527270525,2.14063776107141289e-05,0.0652673670294341007
7.72260658500797519e-05,0.934634000527383213,2.1406377613963415e-05,0.0652673670291527008
7.72260660167809181e-05,0.934634000527506115,2.14063776172527014e-05,0.0652673670288598518
7.7226066184522295e-05,0.934634000527637898,2.14063776205775361e-05,0.0652673670285571078
7.72260663534524725e-05,0.934634000527779452,2.14063776239404975e-05,0.0652673670282432061
7.72260665236079881e-05,0.934634000527929887,2.14063776273422191e-05,0.0652673670279191181
7.72260666949061445e-05,0.934634000528089759,2.14063776307819657e-05,0.0652673670275845386
7.7226066867238467e-05,0.934634000528260733,2.14063776342582092e-05,0.0652673670272377743
7.72260670408588489e-05,0.934634000528439923,2.140637763777406e-05,0.065267367026881476
7.72260672156958411e-05,0.934634000528629216,2.14063776413290438e-05,0.0652673670265138534
7.72260673917396587e-05,0.934634000528828168,2.14063776449238956e-05,0.0652673670261350175
7.72260675689423801e-05,0.934634000529038667,2.14063776485575518e-05,0.0652673670257440108
7.72260677473624437e-05,0.934634000529257714,2.14063776522313742e-05,0.0652673670253426652
7.72260679270482048e-05,0.934634000529487863,2.14063776559452173e-05,0.0652673670249292459
7.72260681080425303e-05,0.934634000529726339,2.14063776597002431e-05,0.0652673670245059456
7.72260682902770203e-05,0.934634000529976583,2.1406377663496333e-05,0.0652673670240696419
7.72260684737021541e-05,0.934634000530237152,2.14063776673325961e-05,0.0652673670236219028
7.72260686584132466e-05,0.934634000530507492,2.14063776712105535e-05,0.0652673670231628811
7.7226068844459263e-05,0.934634000530788933,2.14063776751309235e-05,0.0652673670226914943
7.72260690318132066e-05,0.934634000531080145,2.14063776790939094e-05,0.0652673670222089497
7.72260692203485376e-05,0.934634000531383013,2.14063776830973666e-05,0.0652673670217134849
7.72260694101999681e-05,0.934634000531696096,2.14063776871444223e-05,0.0652673670212065155
7.72260696014048488e-05,0.934634000532020615,2.14063776912344225e-05,0.0652673670206868617
7.72260697939455886e-05,0.934634000532355458,2.14063776953676384e-05,0.0652673670201552869
7.72260699878401851e-05,0.934634000532700626,2.14063776995447068e-05,0.0652673670196117633
7.72260701830815234e-05,0.934634000533058229,2.14063777037659023e-05,0.0652673670190548616
7.72260703797911696e-05,0.934634000533425158,2.14063777080330137e-05,0.065267367018486816
7.72260705777776265e-05,0.934634000533804854,2.14063777123432425e-05,0.0652673670179050175
7.72260707771989707e-05,0.934634000534194875,2.14063777166995567e-05,0.0652673670173112425
7.72260709779711631e-05,0.934634000534597109,2.14063777211005637e-05,0.065267367016703895
7.72260711801977449e-05,0.934634000535009779,2.14063777255484523e-05,0.065267367016084557
7.72260713838750977e-05,0.934634000535435217,2.14063777300422704e-05,0.0652673670154508417
7.7226071589003113e-05,0.934634000535870979,2.14063777345824212e-05,0.0652673670148054968
7.72260717955660427e-05,0.934634000536318954,2.14063777391703006e-05,0.0652673670141461632
7.72260720035879562e-05,0.934634000536778253,2.14063777438052276e-05,0.0652673670134742978
7.72260722130216093e-05,0.934634000537251319,2.14063777484870599e-05,0.0652673670127872918
7.72260724239365131e-05,0.934634000537734599,2.14063777532166751e-05,0.0652673670120881427
7.72260726364379434e-05,0.93463400053822987,2.1406377757996194e-05,0.0652673670113755183
7.72260728504869909e-05,0.934634000538737575,2.14063777628247832e-05,0.06526736701064903
7.72260730659334938e-05,0.934634000539257048,2.14063777677008605e-05,0.0652673670099092607
7.72260732829033143e-05,0.934634000539789955,2.1406377772626513e-05,0.0652673670091545727
7.72260735014185836e-05,0.934634000540334076,2.14063777776026045e-05,0.0652673670083868812
7.72260737215619452e-05,0.934634000540892074,2.14063777826291352e-05,0.0652673670076037854
7.72260739434298116e-05,0.934634000541460286,2.14063777877081379e-05,0.0652673670068086159
7.72260741666201472e-05,0.934634000542042709,2.14063777928359805e-05,0.0652673670059978062
7.72260743914288442e-05,0.934634000542638121,2.1406377798015282e-05,0.0652673670051724109
7.72260746178501565e-05,0.934634000543246857,2.14063778032463678e-05,0.0652673670043320692
7.72260748459650061e-05,0.93463400054386736,2.14063778085306709e-05,0.0652673670034781689
7.72260750756496449e-05,0.934634000544501298,2.14063778138669615e-05,0.0652673670026092528
7.72260753070297184e-05,0.934634000545147892,2.14063778192567813e-05,0.065267367001725779
7.72260755400295629e-05,0.934634000545808918,2.14063778247001064e-05,0.0652673670008265122
7.72260757747505783e-05,0.934634000546481936,2.1406377830196991e-05,0.0652673669999130901
7.72260760111262353e-05,0.934634000547169164,2.14063778357489227e-05,0.0652673669989840277
7.72260762492018264e-05,0.934634000547870269,2.14063778413549425e-05,0.0652673669980391169
7.72260764890100675e-05,0.934634000548584143,2.14063778470168292e-05,0.0652673669970798842
7.72260767305931611e-05,0.934634000549310895,2.14063778527342067e-05,0.0652673669961056219
7.72260769739116694e-05,0.934634000550052857,2.14063778585078137e-05,0.0652673669951148172
7.72260772188723238e-05,0.934634000550808142,2.1406377864336986e-05,0.0652673669941085388
7.72260774655900633e-05,0.934634000551578414,2.14063778702230485e-05,0.0652673669930857042
7.72260777141256847e-05,0.934634000552361899,2.14063778761663466e-05,0.0652673669920477567
7.72260779646520096e-05,0.93463400055315915,2.14063778821694995e-05,0.0652673669909940718
7.72260782169225041e-05,0.934634000553971611,2.1406377888230725e-05,0.0652673669899231784
7.72260784708802883e-05,0.934634000554798505,2.14063778943490744e-05,0.0652673669888364089
7.72260787266551682e-05,0.934634000555639721,2.14063779005253879e-05,0.0652673669877329582
7.72260789842774066e-05,0.934634000556496369,2.14063779067616951e-05,0.0652673669866125072
7.72260792437892739e-05,0.934634000557367339,2.14063779130587277e-05,0.0652673669854760413
7.72260795052247598e-05,0.934634000558252187,2.14063779194168044e-05,0.0652673669843233384
7.7226079768510125e-05,0.934634000559153244,2.14063779258350779e-05,0.0652673669831524139
7.72260800337023985e-05,0.934634000560068734,2.14063779323140939e-05,0.0652673669819654467
7.72260803007919852e-05,0.934634000561000544,2.14063779388553499e-05,0.0652673669807597029
7.7226080569916267e-05,0.934634000561945899,2.14063779454599945e-05,0.0652673669795389433
7.72260808409674064e-05,0.934634000562907685,2.14063779521263843e-05,0.0652673669782993654
7.72260811139627778e-05,0.93463400056388457,2.14063779588562474e-05,0.0652673669770427872
7.72260813890223076e-05,0.93463400056487711,2.1406377965650851e-05,0.0652673669757683761
7.72260816659935297e-05,0.934634000565886081,2.14063779725088363e-05,0.0652673669744753826
7.72260819450248714e-05,0.934634000566910483,2.14063779794315112e-05,0.0652673669731650835
7.72260822261991388e-05,0.934634000567949874,2.14063779864211085e-05,0.0652673669718376592
7.72260825093512348e-05,0.934634000569005918,2.1406377993475209e-05,0.0652673669704911252
7.7226082794472242e-05,0.934634000570079504,2.14063780005946192e-05,0.0652673669691255509
7.72260830816632758e-05,0.934634000571169521,2.14063780077807824e-05,0.0652673669677411722
7.72260833709910281e-05,0.934634000572274526,2.14063780150345286e-05,0.0652673669663393907
7.72260836625968382e-05,0.93463400057339574,2.14063780223581279e-05,0.0652673669649192351
7.72260839562466541e-05,0.934634000574534829,2.14063780297490325e-05,0.0652673669634793868
7.72260842519407467e-05,0.934634000575690682,2.14063780372080554e-05,0.0652673669620201374
7.72260845498034333e-05,0.934634000576864188,2.14063780447354204e-05,0.065267366960541362
7.72260848499321025e-05,0.934634000578053792,2.14063780523345968e-05,0.0652673669590438515
7.72260851521745458e-05,0.93463400057926016,2.14063780600023524e-05,0.0652673669575275783
7.72260854566703001e-05,0.934634000580484514,2.14063780677417094e-05,0.0652673669559911268
7.72260857633874084e-05,0.934634000581726521,2.14063780755526339e-05,0.0652673669544346219
7.72260860726979418e-05,0.934634000582983626,2.14063780834383886e-05,0.0652673669528601452
7.72260863838004853e-05,0.934634000584262603,2.1406378091393102e-05,0.0652673669512622429
7.72260866972792205e-05,0.934634000585557345,2.14063780994216767e-05,0.0652673669496459524
7.72260870130766846e-05,0.934634000586870406,2.14063781075239094e-05,0.0652673669480089286
7.7226087331236693e-05,0.934634000588202229,2.14063781157001694e-05,0.0652673669463509909
7.72260876516877291e-05,0.934634000589552372,2.14063781239518627e-05,0.0652673669446720006
7.72260879746789424e-05,0.934634000590918945,2.14063781322796941e-05,0.0652673669429742476
7.72260882999170427e-05,0.934634000592304948,2.14063781406830334e-05,0.065267366941254526
7.72260886274760811e-05,0.934634000593709824,2.14063781491615757e-05,0.0652673669395135436
7.72260889575333381e-05,0.934634000595133352,2.14063781577184517e-05,0.0652673669377514948
7.72260892899517435e-05,0.934634000596576198,2.1406378166351896e-05,0.0652673669359675607
7.72260896248152823e-05,0.934634000598038694,2.14063781750640635e-05,0.0652673669341612556
7.72260899623556214e-05,0.934634000599518844,2.14063781838565196e-05,0.0652673669323349526
7.72260903021380364e-05,0.934634000601019865,2.14063781927270552e-05,0.0652673669304854043
7.72260906444343232e-05,0.934634000602540316,2.14063782016765614e-05,0.0652673669286136515
7.72260909894271157e-05,0.934634000604079085,2.14063782107096866e-05,0.0652673669267206241
7.72260913370311956e-05,0.934634000605638171,2.14063782198247911e-05,0.0652673669248049343
7.72260916869564438e-05,0.934634000607217241,2.14063782290180497e-05,0.0652673669228667624
7.72260920394535959e-05,0.93463400060881674,2.14063782382944767e-05,0.0652673669209054563
7.72260923945773225e-05,0.934634000610437554,2.14063782476541637e-05,0.0652673669189200306
7.72260927524484988e-05,0.934634000612076798,2.1406378257099035e-05,0.0652673669169135939
7.72260931130262096e-05,0.934634000613737359,2.14063782666292196e-05,0.0652673669148829821
7.72260934760946987e-05,0.934634000615418237,2.14063782762423557e-05,0.065267366912829472
7.72260938419111118e-05,0.934634000617120764,2.1406378285941564e-05,0.065267366910751301
7.72260942104680762e-05,0.934634000618843497,2.14063782957285147e-05,0.0652673669086502595
7.72260945816549493e-05,0.934634000620587768,2.14063783056005685e-05,0.0652673669065250706
7.72260949555699189e-05,0.934634000622353689,2.14063783155599616e-05,0.0652673669043752763
7.72260953323157268e-05,0.93463400062414137,2.14063783256089097e-05,0.0652673669022007658
7.72260957118371737e-05,0.934634000625949923,2.1406378335746549e-05,0.0652673669000023854
7.72260960943820809e-05,0.93463400062777946,2.1406378345975058e-05,0.0652673668977803156
7.72260964794165602e-05,0.934634000629632644,2.14063783562921124e-05,0.0652673668955316283
7.72260968674656637e-05,0.934634000631507367,2.14063783667006125e-05,0.0652673668932584328
7.72260972583562578e-05,0.934634000633404294,2.14063783772013884e-05,0.0652673668909602017
7.72260976521952042e-05,0.934634000635323314,2.14063783877944333e-05,0.0652673668886366992
7.72260980489161632e-05,0.93463400063726465,2.140637839848034e-05,0.0652673668862878698
7.72260984486403893e-05,0.934634000639229079,2.14063784092602268e-05,0.06526736688391295
7.72260988512560607e-05,0.934634000641217377,2.14063784201351134e-05,0.0652673668815114405
7.72260992569047606e-05,0.934634000643228657,2.14063784311050744e-05,0.0652673668790833411
7.72260996655416029e-05,0.934634000645262475,2.14063784421702351e-05,0.0652673668766300258
7.72261000771960239e-05,0.934634000647319385,2.14063784533328926e-05,0.0652673668741501067
7.72261004919545834e-05,0.934634000649400831,2.14063784645928777e-05,0.0652673668716425986
7.72261009097708099e-05,0.934634000651505037,2.1406378475951271e-05,0.0652673668691094028
7.72261013306795198e-05,0.934634000653634223,2.14063784874077914e-05,0.0652673668665477991
7.72261017547658094e-05,0.934634000655788055,2.14063784989652375e-05,0.0652673668639578985
7.72261021819425767e-05,0.934634000657965647,2.14063785106225827e-05,0.0652673668613416857
7.72261026125220312e-05,0.934634000660166664,2.14063785223826695e-05,0.0652673668586982725
7.72261030460269206e-05,0.934634000662393993,2.14063785342424691e-05,0.0652673668560256603
7.72261034827773557e-05,0.934634000664644748,2.1406378546204038e-05,0.0652673668533260837
7.72261039227254011e-05,0.934634000666921705,2.14063785582698766e-05,0.0652673668505973914
7.72261043660908112e-05,0.93463400066922464,2.14063785704413369e-05,0.065267366847838959
7.72261048126569486e-05,0.934634000671551224,2.14063785827165147e-05,0.0652673668450533123
7.72261052626211655e-05,0.934634000673904786,2.14063785950983271e-05,0.0652673668422376063
7.72261057158858699e-05,0.934634000676284327,2.14063786075861677e-05,0.0652673668393922851
7.72261061725528414e-05,0.934634000678688626,2.14063786201819373e-05,0.0652673668365185838
7.72261066326122272e-05,0.934634000681120014,2.14063786328857882e-05,0.0652673668336144347
7.72261070961272636e-05,0.934634000683577937,2.14063786456991402e-05,0.0652673668306801985
7.7226107563129582e-05,0.934634000686061506,2.14063786586224405e-05,0.0652673668277167773
7.72261080335106946e-05,0.934634000688572719,2.14063786716553807e-05,0.0652673668247220479
7.72261085074506872e-05,0.934634000691111022,2.14063786848010949e-05,0.0652673668216966207
7.72261089849016381e-05,0.934634000693675637,2.14063786980582854e-05,0.0652673668186413841
7.72261094659014809e-05,0.934634000696268674,2.14063787114295136e-05,0.0652673668155538955
7.72261099507208325e-05,0.934634000698888134,2.1406378724916765e-05,0.065267366812436195
7.722611043954707e-05,0.934634000701533463,2.14063787385234209e-05,0.0652673668092885739
7.72261109315243921e-05,0.934634000704210322,2.14063787522412347e-05,0.0652673668061061057
7.72261114269415217e-05,0.934634000706914603,2.14063787660720088e-05,0.0652673668028922599
7.72261119260277134e-05,0.934634000709647528,2.14063787800205747e-05,0.0652673667996463841
7.72261124288172146e-05,0.934634000712410318,2.14063787940881419e-05,0.0652673667963667437
7.72261129353479992e-05,0.934634000715201529,2.1406378808274392e-05,0.0652673667930547541
7.72261134456556292e-05,0.934634000718022384,2.1406378822581263e-05,0.0652673667897092913
7.7226113959855396e-05,0.934634000720871216,2.14063788370098357e-05,0.0652673667863317708
7.7226114477993351e-05,0.934634000723749803,2.14063788515621429e-05,0.0652673667829205828
7.72261150000205153e-05,0.934634000726658143,2.14063788662371344e-05,0.0652673667794754636
7.72261155258454908e-05,0.934634000729596459,2.14063788810354878e-05,0.0652673667759968157
7.72261160556493933e-05,0.934634000732565196,2.14063788959584194e-05,0.0652673667724831819
7.72261165894438646e-05,0.934634000735563686,2.14063789110079892e-05,0.0652673667689357695
7.72261171272139969e-05,0.934634000738593151,2.14063789261843429e-05,0.06526736676535351
7.72261176689927634e-05,0.934634000741653259,2.14063789414877685e-05,0.0652673667617361536
7.72261182149336194e-05,0.934634000744743676,2.14063789569217659e-05,0.0652673667580845052
7.72261187647642675e-05,0.934634000747867622,2.14063789724830994e-05,0.0652673667543950536
7.72261193187552162e-05,0.93463400075102232,2.14063789881761771e-05,0.0652673667506708383
7.72261198769612584e-05,0.934634000754207328,2.14063790040010903e-05,0.065267366746911526
7.72261204392105344e-05,0.934634000757426531,2.14063790199571413e-05,0.0652673667431142718
7.72261210057798139e-05,0.934634000760676154,2.14063790360480567e-05,0.0652673667392820039
7.72261215765635635e-05,0.93463400076395875,2.14063790522737996e-05,0.0652673667354123632
7.72261221515779106e-05,0.934634000767274542,2.14063790686342647e-05,0.0652673667315052664
7.72261227309045499e-05,0.934634000770623419,2.14063790851317187e-05,0.0652673667275604358
7.72261233147281752e-05,0.934634000774004492,2.14063791017688959e-05,0.0652673667235788985
7.72261239028300894e-05,0.934634000777419427,2.14063791185436956e-05,0.0652673667195592389
7.72261244952136806e-05,0.934634000780869778,2.14063791354569344e-05,0.0652673667154995696
7.72261250919990377e-05,0.93463400078435277,2.14063791525108891e-05,0.0652673667114027078
7.72261256933196261e-05,0.934634000787870511,2.14063791697073723e-05,0.0652673667072662667
7.72261262992023068e-05,0.934634000791422781,2.14063791870476174e-05,0.0652673667030910093
7.72261269094896537e-05,0.934634000795008579,2.14063792045302012e-05,0.0652673666988772411
7.72261275243975044e-05,0.934634000798631459,2.14063792221589321e-05,0.065267366694622006
7.72261281438786146e-05,0.934634000802289311,2.14063792399334679e-05,0.0652673666903269972
7.72261287680427058e-05,0.934634000805981247,2.14063792578555297e-05,0.0652673666859927698
7.72261293972587997e-05,0.934634000809708265,2.14063792759310265e-05,0.0652673666816185882
7.72261300308232083e-05,0.934634000813472143,2.14063792941506577e-05,0.0652673666772028427
7.72261306690694729e-05,0.934634000817272548,2.14063793125206407e-05,0.065267366672745783
7.72261313120561812e-05,0.9346340008211107,2.14063793310424154e-05,0.065267366668246285
7.72261319598301706e-05,0.934634000824986266,2.14063793497169135e-05,0.0652673666637040711
7.72261326124407723e-05,0.934634000828898359,2.14063793685452532e-05,0.0652673666591207097
7.72261332699878414e-05,0.934634000832848311,2.14063793875295146e-05,0.0652673666544941605
7.72261339328849739e-05,0.934634000836832679,2.14063794066737806e-05,0.0652673666498278376
7.7226134600183276e-05,0.934634000840858348,2.14063794259712172e-05,0.065267366645115385
7.72261352726016551e-05,0.934634000844922652,2.14063794454280553e-05,0.0652673666403592451
7.72261359500766854e-05,0.934634000849024482,2.14063794650447455e-05,0.0652673666355604032
7.72261366326825941e-05,0.934634000853165392,2.1406379484823141e-05,0.0652673666307172218
7.72261373203343118e-05,0.934634000857345493,2.1406379504763069e-05,0.0652673666258295065
7.72261380132068561e-05,0.934634000861564784,2.14063795248675451e-05,0.0652673666208970771
7.72261387114506599e-05,0.934634000865822823,2.14063795451385953e-05,0.0652673666159205024
7.72261394146958342e-05,0.934634000870121828,2.14063795655735362e-05,0.0652673666108979922
7.72261401231684214e-05,0.934634000874462134,2.14063795861754747e-05,0.0652673666058285057
7.7226140837063185e-05,0.934634000878841298,2.14063796069465759e-05,0.0652673666007146241
7.72261415564241165e-05,0.934634000883262539,2.1406379627890011e-05,0.0652673665955531557
7.72261422809658268e-05,0.934634000887724414,2.14063796490006708e-05,0.0652673665903455991
7.72261430109051291e-05,0.934634000892228922,2.14063796702846301e-05,0.065267366585089942
7.72261437463868866e-05,0.934634000896775285,2.14063796917430578e-05,0.0652673665797864899
7.72261444874612027e-05,0.934634000901362727,2.14063797133765571e-05,0.0652673665744365195
7.72261452342989479e-05,0.934634000905991802,2.14063797351892411e-05,0.0652673665690386012
7.72261459864384011e-05,0.934634000910664842,2.14063797571755907e-05,0.0652673665635914169
7.72261467441683259e-05,0.934634000915382179,2.14063797793412265e-05,0.0652673665580943557
7.7226147507542553e-05,0.934634000920142483,2.14063798016865317e-05,0.0652673665525481395
7.72261482766976512e-05,0.93463400092494664,2.14063798242145418e-05,0.0652673665469524905
7.72261490516597634e-05,0.934634000929794651,2.14063798469257686e-05,0.0652673665413067705
7.7226149832433416e-05,0.934634000934686626,2.14063798698210657e-05,0.0652673665356111876
7.72261506192677859e-05,0.934634000939623344,2.14063798929040857e-05,0.0652673665298644373
7.72261514118972436e-05,0.934634000944604471,2.14063799161747845e-05,0.0652673665240673662
7.72261522103147822e-05,0.934634000949632227,2.14063799396310411e-05,0.065267366518217837
7.72261530146749008e-05,0.934634000954706279,2.14063799632770738e-05,0.0652673665123155999
7.72261538251030008e-05,0.934634000959826849,2.14063799871147087e-05,0.0652673665063608632
7.72261546416102765e-05,0.934634000964992495,2.14063800111461481e-05,0.0652673665003547371
7.72261554644879041e-05,0.934634000970204659,2.14063800353746073e-05,0.0652673664942955006
7.7226156293279597e-05,0.934634000975465562,2.14063800597951703e-05,0.0652673664881812804
7.72261571282849746e-05,0.934634000980773649,2.14063800844129564e-05,0.0652673664820137972
7.7226157969761467e-05,0.934634000986128699,2.14063801092327667e-05,0.0652673664757921629
7.72261588173337777e-05,0.934634000991531932,2.14063801342494274e-05,0.0652673664695163636
7.72261596712625896e-05,0.934634000996985126,2.14063801594681156e-05,0.0652673664631842482
7.72261605317018594e-05,0.934634001002486836,2.14063801848918061e-05,0.0652673664567964551
7.72261613985279202e-05,0.934634001008037396,2.140638021051871e-05,0.0652673664503534284
7.72261622721109458e-05,0.934634001013636806,2.14063802363551055e-05,0.0652673664438547241
7.72261631519594131e-05,0.934634001019287286,2.1406380262395829e-05,0.0652673664372983575
7.7226164038379555e-05,0.934634001024988281,2.14063802886463389e-05,0.0652673664306848283
7.72261649316359304e-05,0.93463400103073957,2.14063803151093592e-05,0.0652673664240135121
7.72261658314811516e-05,0.934634001036542372,2.14063803417841648e-05,0.0652673664172842977
7.72261667381334005e-05,0.934634001042397689,2.14063803686738186e-05,0.0652673664104954782
7.72261676514555121e-05,0.934634001048304408,2.14063803957775278e-05,0.0652673664036484275
7.7226168571715054e-05,0.934634001054262975,2.14063804230999613e-05,0.0652673663967422157
7.72261694988850701e-05,0.934634001060275277,2.14063804506411258e-05,0.0652673663897753303
7.72261704333494764e-05,0.934634001066337761,2.14063804784057545e-05,0.0652673663827504774
7.7226171374693376e-05,0.934634001072455534,2.14063805063933019e-05,0.0652673663756633132
7.72261723228535732e-05,0.934634001078627596,2.14063805346007459e-05,0.0652673663685149619
7.72261732780627245e-05,0.93463400108485517,2.14063805630336768e-05,0.0652673663613037441
7.72261742403958159e-05,0.934634001091137367,2.14063805916933957e-05,0.0652673663540305066
7.72261752100409564e-05,0.934634001097473965,2.14063806205837854e-05,0.0652673663466953879
7.72261761869880088e-05,0.934634001103866074,2.140638064970489e-05,0.0652673663392971948
7.72261771711927106e-05,0.934634001110315582,2.1406380679057719e-05,0.0652673663318340536
7.72261781630628302e-05,0.934634001116818824,2.14063807086480188e-05,0.0652673663243093088
7.7226179162095894e-05,0.934634001123381575,2.14063807384709409e-05,0.065267366316717923
7.72261801686601921e-05,0.934634001129999947,2.1406380768532452e-05,0.0652673663090629075
7.72261811829566135e-05,0.934634001136676495,2.14063807988346287e-05,0.0652673663013417782
7.72261822045931513e-05,0.934634001143411997,2.14063808293771155e-05,0.0652673662935539384
7.72261832342795379e-05,0.934634001150203564,2.14063808601659941e-05,0.0652673662857019554
7.72261842713778559e-05,0.934634001157056526,2.14063808911963583e-05,0.0652673662777809027
7.722618531623795e-05,0.934634001163968331,2.14063809224732294e-05,0.0652673662697930562
7.72261863689958201e-05,0.934634001170940087,2.14063809540002057e-05,0.0652673662617369865
7.72261874297280377e-05,0.934634001177970686,2.14063809857778224e-05,0.0652673662536138732
7.722618849835074e-05,0.934634001185064234,2.14063810178069706e-05,0.0652673662454195946
7.72261895750422781e-05,0.934634001192218067,2.14063810500915399e-05,0.0652673662371566349
7.72261906597565057e-05,0.934634001199434405,2.14063810826318725e-05,0.0652673662288231621
7.72261917527951428e-05,0.934634001206710918,2.1406381115431465e-05,0.0652673662204208277
7.72261928538341483e-05,0.934634001214051713,2.14063811484898327e-05,0.0652673662119462039
7.72261939635354413e-05,0.934634001221454458,2.14063811818153208e-05,0.0652673662034001512
7.72261950811607885e-05,0.934634001228920597,2.14063812153989676e-05,0.0652673661947829054
7.72261962071052731e-05,0.93463400123645124,2.14063812492485997e-05,0.0652673661860923432
7.72261973415965235e-05,0.934634001244047941,2.14063812833668056e-05,0.0652673661773270908
7.72261984845450117e-05,0.934634001251709035,2.14063813177550693e-05,0.0652673661684887302
7.72261996362517798e-05,0.934634001259434744,2.14063813524182596e-05,0.0652673661595765259
7.72262007963792074e-05,0.934634001267228287,2.14063813873524191e-05,0.0652673661505879243
7.72262019660308632e-05,0.934634001275082449,2.14063814225707582e-05,0.0652673661415289069
7.7226203143820134e-05,0.934634001283008331,2.14063814580612422e-05,0.0652673661323897175
7.72262043303273659e-05,0.934634001291001937,2.14063814938305017e-05,0.0652673661231738533
7.72262055256607219e-05,0.934634001299063599,2.14063815298814368e-05,0.0652673661138809397
7.72262067299191353e-05,0.93463400130719354,2.14063815662169175e-05,0.0652673661045101855
7.72262079431975957e-05,0.93463400131539387,2.14063816028385293e-05,0.0652673660950601892
7.7226209165730196e-05,0.934634001323662145,2.1406381639750531e-05,0.0652673660855323523
7.72262103977777411e-05,0.934634001331999253,2.14063816769575442e-05,0.0652673660759259811
7.72262116386486725e-05,0.934634001340408527,2.14063817144528434e-05,0.0652673660662383276
7.72262128888759976e-05,0.934634001348889076,2.14063817522434962e-05,0.0652673660564696972
7.72262141484857914e-05,0.934634001357440014,2.14063817903321114e-05,0.0652673660466212557
7.72262154181173132e-05,0.934634001366062561,2.14063818287273831e-05,0.0652673660366908104
7.72262166967521582e-05,0.93463400137475805,2.14063818674177949e-05,0.0652673660266777783
7.72262179848938165e-05,0.934634001383529145,2.1406381906412322e-05,0.0652673660165796893
7.72262192826506403e-05,0.934634001392374181,2.14063819457125942e-05,0.0652673660063975564
7.72262205904155583e-05,0.934634001401290604,2.14063819853252555e-05,0.0652673659961335861
7.72262219077382334e-05,0.93463400141028441,2.14063820252456405e-05,0.0652673659857828242
7.72262232350602612e-05,0.934634001419352933,2.14063820654817925e-05,0.0652673659753466029
7.72262245723862224e-05,0.934634001428497618,2.1406382106033461e-05,0.0652673659648239091
7.72262259197330306e-05,0.93463400143771791,2.14063821469036444e-05,0.0652673659542154783
7.72262272772338801e-05,0.934634001447016138,2.14063821880944432e-05,0.0652673659435185488
7.72262286454024658e-05,0.934634001456388752,2.1406382229613918e-05,0.0652673659327361322
7.72262300237136679e-05,0.934634001465841635,2.14063822714573049e-05,0.0652673659218632601
7.72262314119329059e-05,0.934634001475374343,2.14063823136236147e-05,0.0652673659109002519
7.72262328104694523e-05,0.934634001484987542,2.14063823561200166e-05,0.0652673658998459416
