0.25,0.25,0.25,0.25
6.43847246541345082e-05,0.862654514809550688,3.71528817753857533e-05,0.137243947584019754
6.43847246535194403e-05,0.862654514809112483,3.71528817751672188e-05,0.137243947584458736
6.43847246529520096e-05,0.862654514808722461,3.71528817749649813e-05,0.137243947584849618
6.43847246524348993e-05,0.862654514808368189,3.71528817747767976e-05,0.137243947585204668
6.43847246519681774e-05,0.862654514808059325,3.71528817746053649e-05,0.137243947585514142
6.43847246515509087e-05,0.862654514807789097,3.71528817744481624e-05,0.137243947585784842
6.43847246511840146e-05,0.86265451480756894,3.71528817743070806e-05,0.137243947586005638
6.43847246508677664e-05,0.862654514807388528,3.71528817741817265e-05,0.137243947586186271
6.43847246505994941e-05,0.86265451480724864,3.71528817740709278e-05,0.137243947586326659
6.43847246503841851e-05,0.862654514807150052,3.71528817739765209e-05,0.137243947586425524
6.4384724650218885e-05,0.86265451480709765,3.71528817738983635e-05,0.137243947586478232
6.4384724650103553e-05,0.862654514807089989,3.71528817738347886e-05,0.137243947586486031
6.43847246500388668e-05,0.862654514807123185,3.71528817737877816e-05,0.137243947586452975
6.4384724650025897e-05,0.862654514807201123,3.7152881773755818e-05,0.137243947586375037
6.43847246500626921e-05,0.86265451480732136,3.71528817737401581e-05,0.137243947586254744
6.43847246501517729e-05,0.862654514807483119,3.71528817737401513e-05,0.137243947586093124
6.43847246502918247e-05,0.86265451480769062,3.71528817737565227e-05,0.137243947585885373
6.43847246504851515e-05,0.862654514807943196,3.71528817737883508e-05,0.137243947585632353
6.43847246507277824e-05,0.862654514808236184,3.71528817738366317e-05,0.137243947585339171
6.43847246510232817e-05,0.862654514808574802,3.71528817739011689e-05,0.137243947585000303
6.43847246513177781e-05,0.862654514808913309,3.71528817739647438e-05,0.137243947584661463
6.43847246517089989e-05,0.862654514809334638,3.71528817740593065e-05,0.137243947584239662
6.43847246521512043e-05,0.862654514809797601,3.71528817741687228e-05,0.137243947583776171
6.43847246526459935e-05,0.862654514810308748,3.71528817742949037e-05,0.137243947583264497
6.43847246531944507e-05,0.862654514810860529,3.71528817744374898e-05,0.137243947582711689
6.43847246537956137e-05,0.862654514811458162,3.71528817745968878e-05,0.137243947582113557
6.43847246544457691e-05,0.862654514812098316,3.71528817747712411e-05,0.137243947581472597
6.43847246551501075e-05,0.862654514812780548,3.71528817749627722e-05,0.137243947580789394
6.43847246559078971e-05,0.862654514813515405,3.71528817751710474e-05,0.137243947580053371
6.43847246567186363e-05,0.862654514814292006,3.71528817753953146e-05,0.13724394757927591
6.43847246575833689e-05,0.862654514815112683,3.71528817756361092e-05,0.137243947578454151
6.43847246585035719e-05,0.862654514815982765,3.71528817758955181e-05,0.137243947577582959
6.43847246594767247e-05,0.862654514816895257,3.71528817761697399e-05,0.137243947576668995
6.43847246605055783e-05,0.862654514817857709,3.71528817764621154e-05,0.137243947575705183
6.43847246615880458e-05,0.862654514818863349,3.71528817767703812e-05,0.137243947574698211
6.43847246627272712e-05,0.862654514819918061,3.71528817770973155e-05,0.137243947573642056
6.4384724663923851e-05,0.86265451482101918,3.71528817774414955e-05,0.137243947572539438
6.43847246651751829e-05,0.862654514822171148,3.71528817778030634e-05,0.137243947571385999
6.43847246664827985e-05,0.86265451482336819,3.7152881778182053e-05,0.137243947570187153
6.43847246678489068e-05,0.862654514824610863,3.71528817785793522e-05,0.137243947568942815
6.43847246692721525e-05,0.862654514825906604,3.71528817789940256e-05,0.137243947567645158
6.43847246707531862e-05,0.862654514827249641,3.71528817794264529e-05,0.137243947566300206
6.43847246722918588e-05,0.862654514828645302,3.71528817798775962e-05,0.137243947564902519
6.4384724673889634e-05,0.862654514830087149,3.71528817803471438e-05,0.13724394756345859
6.43847246755482736e-05,0.862654514831581398,3.71528817808347773e-05,0.137243947561962315
6.43847246772671813e-05,0.862654514833125496,3.71528817813418519e-05,0.137243947560415941
6.43847246790453542e-05,0.862654514834720443,3.71528817818671749e-05,0.137243947558818469
6.43847246808854215e-05,0.86265451483636868,3.71528817824120746e-05,0.137243947557167956
6.43847246827830599e-05,0.862654514838066211,3.71528817829744164e-05,0.137243947555467954
6.43847246847444358e-05,0.8626545148398157,3.71528817835564093e-05,0.137243947553715995
6.4384724686766771e-05,0.862654514841619147,3.71528817841577959e-05,0.137243947551909884
6.43847246888551341e-05,0.862654514843475551,3.71528817847791454e-05,0.137243947550050843
6.43847246910039822e-05,0.862654514845388132,3.71528817854198073e-05,0.137243947548135681
6.43847246932174216e-05,0.862654514847349896,3.71528817860807708e-05,0.137243947546170947
6.43847246954942868e-05,0.862654514849367393,3.71528817867619683e-05,0.137243947544150507
6.43847246978384539e-05,0.862654514851440735,3.71528817874634267e-05,0.137243947542073974
6.43847247002494078e-05,0.862654514853569254,3.71528817881855799e-05,0.137243947539942346
6.43847247027265929e-05,0.862654514855760168,3.71528817889282313e-05,0.137243947537748323
6.43847247052687217e-05,0.862654514858000709,3.71528817896913877e-05,0.137243947535504174
6.43847247078724468e-05,0.862654514860296429,3.71528817904732465e-05,0.137243947533205235
6.43847247105445444e-05,0.862654514862646327,3.71528817912769181e-05,0.13724394753085184
6.43847247132831849e-05,0.86265451486505329,3.71528817921012913e-05,0.137243947528441351
6.43847247160913498e-05,0.862654514867525313,3.71528817929468063e-05,0.137243947525965859
6.4384724718968348e-05,0.862654514870048295,3.71528817938150964e-05,0.137243947523438908
6.438472472191586e-05,0.862654514872632117,3.71528817947040405e-05,0.137243947520851339
6.43847247249308908e-05,0.862654514875274558,3.71528817956138352e-05,0.137243947518204762
6.43847247280173975e-05,0.86265451487797884,3.71528817965466489e-05,0.137243947515496512
6.43847247311768846e-05,0.862654514880744405,3.71528817975019259e-05,0.137243947512726977
6.43847247344062214e-05,0.862654514883564261,3.7152881798479158e-05,0.137243947509902736
6.43847247377074951e-05,0.862654514886449619,3.71528817994783587e-05,0.137243947507013075
6.43847247410839446e-05,0.86265451488939926,3.71528818005014254e-05,0.137243947504059077
6.4384724744533632e-05,0.862654514892407964,3.7152881801546969e-05,0.13724394750104596
6.43847247480577091e-05,0.862654514895479951,3.71528818026161346e-05,0.13724394749796956
6.43847247516543601e-05,0.862654514898614111,3.71528818037067675e-05,0.137243947494830487
6.43847247553281114e-05,0.862654514901814773,3.71528818048223641e-05,0.137243947491625162
6.43847247590805351e-05,0.862654514905081604,3.71528818059621994e-05,0.137243947488353224
6.43847247629103167e-05,0.862654514908413605,3.7152881807126558e-05,0.137243947485016338
6.43847247668120893e-05,0.862654514911802561,3.71528818083128988e-05,0.137243947481622441
6.4384724770794784e-05,0.862654514915261017,3.71528818095253892e-05,0.137243947478158657
6.43847247748576283e-05,0.862654514918793969,3.71528818107612645e-05,0.13724394747462032
6.43847247790010018e-05,0.862654514922389759,3.71528818120228218e-05,0.137243947471019312
6.43847247832273574e-05,0.862654514926056382,3.71528818133100611e-05,0.137243947467346916
6.43847247875357058e-05,0.862654514929788951,3.71528818146241616e-05,0.137243947463608906
6.43847247919275784e-05,0.862654514933593575,3.71528818159626702e-05,0.137243947459798649
6.43847247963905069e-05,0.8626545149374657,3.71528818173236895e-05,0.13724394745592064
6.43847248009346963e-05,0.862654514941400441,3.71528818187108855e-05,0.137243947451979986
6.43847248055623829e-05,0.862654514945407458,3.71528818201233909e-05,0.137243947447966835
6.43847248102731871e-05,0.86265451494948342,3.7152881821561497e-05,0.137243947443884767
6.43847248150708224e-05,0.862654514953630769,3.71528818230269588e-05,0.137243947439731201
6.43847248199548822e-05,0.862654514957856167,3.71528818245194512e-05,0.137243947435499253
6.4384724824921016e-05,0.862654514962148622,3.71528818260377002e-05,0.137243947431200441
6.43847248299767591e-05,0.862654514966517127,3.7152881827583393e-05,0.137243947426825219
6.43847248351171514e-05,0.862654514970953801,3.71528818291554794e-05,0.137243947422381912
6.43847248403471394e-05,0.862654514975471298,3.71528818307559922e-05,0.137243947417857587
6.43847248456654085e-05,0.862654514980057741,3.71528818323828985e-05,0.13724394741326415
6.43847248510729888e-05,0.862654514984726561,3.71528818340392206e-05,0.137243947408588418
6.43847248565713575e-05,0.862654514989468546,3.71528818357225529e-05,0.137243947403839162
6.438472486216229e-05,0.862654514994287802,3.71528818374352332e-05,0.137243947399012606
6.43847248678451221e-05,0.862654514999188216,3.71528818391763806e-05,0.137243947394104615
6.43847248736235267e-05,0.862654515004166123,3.71528818409472825e-05,0.137243947389119325
6.43847248794921639e-05,0.862654515009224077,3.71528818427468955e-05,0.137243947384053738
6.43847248854530939e-05,0.86265451501435475,3.71528818445741218e-05,0.13724394737891521
6.43847248915097861e-05,0.862654515019566914,3.71528818464318141e-05,0.137243947373695302
6.43847248976629993e-05,0.862654515024866564,3.71528818483202097e-05,0.137243947368387409
6.43847249039105382e-05,0.862654515030240931,3.71528818502376957e-05,0.137243947363005048
6.43847249102571731e-05,0.862654515035700231,3.71528818521853565e-05,0.137243947357537505
6.43847249166988519e-05,0.862654515041240466,3.71528818541627177e-05,0.13724394735198861
6.43847249232409007e-05,0.8626545150468653,3.71528818561714597e-05,0.137243947346355255
6.43847249298820862e-05,0.862654515052572957,3.71528818582115352e-05,0.137243947340639133
6.43847249366230455e-05,0.862654515058366211,3.71528818602824968e-05,0.137243947334836941
6.4384724943466245e-05,0.86265451506424573,3.71528818623854357e-05,0.137243947328948235
6.43847249504113459e-05,0.862654515070211292,3.71528818645202433e-05,0.137243947322973875
6.43847249574584161e-05,0.862654515076258677,3.71528818666859033e-05,0.137243947316917081
6.43847249646093257e-05,0.862654515082398321,3.71528818688851329e-05,0.137243947310768333
6.43847249718659857e-05,0.862654515088630891,3.71528818711168817e-05,0.137243947304526021
6.43847249792305645e-05,0.862654515094946728,3.71528818733819291e-05,0.137243947298200636
6.43847249867014358e-05,0.862654515101359376,3.71528818756803564e-05,0.137243947291778134
6.43847249942735038e-05,0.86265451510785307,3.71528818780099139e-05,0.137243947285274642
6.43847250019559435e-05,0.862654515114443243,3.71528818803736982e-05,0.137243947278674533
6.43847250097418568e-05,0.862654515121116128,3.71528818827705236e-05,0.137243947271991434
6.43847250176409202e-05,0.86265451512788871,3.71528818852023146e-05,0.137243947265208555
6.43847250256485935e-05,0.862654515134754885,3.71528818876679123e-05,0.137243947258331805
6.43847250337677092e-05,0.862654515141707878,3.7152881890168855e-05,0.137243947251368237
6.43847250419998123e-05,0.862654515148767009,3.71528818927045531e-05,0.137243947244298337
6.43847250503439813e-05,0.862654515155912183,3.7152881895274485e-05,0.1372439472371422
6.43847250588048511e-05,0.862654515163157498,3.71528818978815711e-05,0.137243947229885893
6.43847250673741005e-05,0.862654515170494407,3.71528819005224504e-05,0.137243947222537688
6.43847250760620294e-05,0.862654515177935677,3.71528819031996573e-05,0.137243947215085177
6.43847250848677432e-05,0.862654515185471094,3.71528819059142081e-05,0.137243947207538158
6.43847250937970561e-05,0.862654515193115312,3.71528819086673905e-05,0.137243947199882282
6.43847251028361445e-05,0.862654515200848349,3.71528819114547184e-05,0.137243947192137228
6.43847251119980188e-05,0.862654515208687189,3.7152881914279763e-05,0.137243947184286619
6.4384725121274561e-05,0.862654515216621842,3.71528819171407964e-05,0.137243947176339726
6.43847251306780768e-05,0.862654515224666962,3.71528819200410575e-05,0.137243947168282365
6.43847251402057338e-05,0.862654515232812336,3.71528819229810411e-05,0.137243947160124308
6.43847251498520161e-05,0.86265451524106207,3.71528819259569796e-05,0.137243947151862167
6.43847251596228054e-05,0.862654515249411835,3.71528819289719967e-05,0.137243947143499578
6.43847251695332806e-05,0.862654515257888388,3.71528819320308699e-05,0.137243947135009925
6.43847251795525691e-05,0.862654515266449318,3.71528819351237124e-05,0.137243947126436006
6.43847251897002813e-05,0.86265451527511916,3.71528819382560335e-05,0.13724394711775284
6.43847251999731375e-05,0.862654515283895029,3.71528819414279144e-05,0.137243947108963399
6.43847252103810447e-05,0.862654515292786028,3.71528819446420182e-05,0.137243947100059022
6.43847252209350888e-05,0.862654515301805258,3.71528819479007911e-05,0.137243947091025914
6.43847252316174482e-05,0.862654515310928183,3.71528819512000251e-05,0.13724394708188889
6.43847252424141909e-05,0.862654515320145476,3.7152881954534665e-05,0.137243947072657468
6.43847252533433012e-05,0.862654515329481675,3.71528819579108435e-05,0.137243947063307142
6.43847252644077605e-05,0.862654515338925121,3.715288196132936e-05,0.137243947053849069
6.43847252756085583e-05,0.862654515348489137,3.71528819647899165e-05,0.137243947044270509
6.43847252869423606e-05,0.862654515358161178,3.7152881968293089e-05,0.137243947034583563
6.43847252984154151e-05,0.862654515367948793,3.71528819718378744e-05,0.137243947024781016
6.4384725310033075e-05,0.862654515377865749,3.71528819754290298e-05,0.137243947014848849
6.43847253217860163e-05,0.862654515387893395,3.7152881979062049e-05,0.137243947004805827
6.43847253336822485e-05,0.862654515398043498,3.71528819827394866e-05,0.137243946994640154
6.43847253457225575e-05,0.862654515408314615,3.71528819864622099e-05,0.13724394698435316
6.43847253579050733e-05,0.862654515418705192,3.71528819902295685e-05,0.137243946973946734
6.43847253702273291e-05,0.86265451542921523,3.71528819940397599e-05,0.137243946963420543
6.43847253826962233e-05,0.86265451543984728,3.71528819978960299e-05,0.137243946952772145
6.43847253953139107e-05,0.862654515450603898,3.7152882001797938e-05,0.137243946941998984
6.43847254080784397e-05,0.862654515461486415,3.7152882005746853e-05,0.137243946931099647
6.43847254209899052e-05,0.862654515472495276,3.71528820097407421e-05,0.137243946920073856
6.43847254340527254e-05,0.862654515483627038,3.71528820137823496e-05,0.137243946908925191
6.43847254472651112e-05,0.862654515494890695,3.71528820178697647e-05,0.137243946897644187
6.43847254606302205e-05,0.86265451550627914,3.71528820220057317e-05,0.137243946886238366
6.43847254741519156e-05,0.862654515517801923,3.71528820261893562e-05,0.137243946874697653
6.43847254878237321e-05,0.86265451552945116,3.7152882030420401e-05,0.137243946863030652
6.43847255016506437e-05,0.86265451554122996,3.71528820347003907e-05,0.137243946851233617
6.43847255156379089e-05,0.862654515553146428,3.7152882039029427e-05,0.137243946839299052
6.43847255297830609e-05,0.862654515565194346,3.71528820434086483e-05,0.137243946827232371
6.43847255440821968e-05,0.86265451557737427,3.7152882047835107e-05,0.137243946815033852
6.43847255585442747e-05,0.862654515589688531,3.71528820523131805e-05,0.137243946802700689
6.4384725573166286e-05,0.862654515602142569,3.71528820568407003e-05,0.137243946790227334
6.43847255879522829e-05,0.862654515614732498,3.7152882061418744e-05,0.137243946777618114
6.43847256029029836e-05,0.862654515627459539,3.71528820660483008e-05,0.137243946764871394
6.43847256180181307e-05,0.862654515640329689,3.71528820707292149e-05,0.137243946751981621
6.43847256333041074e-05,0.862654515653340281,3.71528820754640681e-05,0.137243946738950989
6.43847256487536902e-05,0.862654515666492205,3.71528820802489911e-05,0.137243946725778942
6.43847256643754443e-05,0.862654515679785794,3.71528820850882056e-05,0.137243946712464537
6.43847256801642468e-05,0.862654515693225044,3.71528820899792991e-05,0.137243946699004693
6.43847256961281345e-05,0.862654515706807956,3.71528820949257953e-05,0.137243946685400936
6.43847257122659959e-05,0.862654515720542969,3.71528820999250312e-05,0.137243946671644745
6.4384725728575717e-05,0.862654515734420202,3.71528821049786872e-05,0.137243946657746252
6.43847257450642094e-05,0.862654515748449646,3.71528821100882407e-05,0.137243946643695131
6.43847257617302806e-05,0.862654515762625751,3.71528821152530546e-05,0.137243946629497182
6.43847257785731581e-05,0.862654515776956954,3.71528821204721734e-05,0.137243946615143969
6.43847257955938718e-05,0.862654515791434484,3.71528821257474269e-05,0.137243946600644179
6.43847258128006753e-05,0.862654515806069,3.71528821310811256e-05,0.13724394658598707
6.43847258301929586e-05,0.86265451582086039,3.7152882136471833e-05,0.13724394657117292
6.43847258477632544e-05,0.862654515835800439,3.71528821419183023e-05,0.137243946556209861
6.43847258655195587e-05,0.862654515850900694,3.71528821474225324e-05,0.137243946541086487
6.43847258834634163e-05,0.86265451586615649,3.71528821529861701e-05,0.137243946525807181
6.43847259015965892e-05,0.862654515881578265,3.71528821586077584e-05,0.137243946510361536
6.43847259199270056e-05,0.862654515897158802,3.71528821642910716e-05,0.137243946494757074
6.43847259384406251e-05,0.862654515912896547,3.71528821700319899e-05,0.137243946478995071
6.43847259571459857e-05,0.862654515928798382,3.71528821758328035e-05,0.1372439464630687
6.43847259760474378e-05,0.862654515944865863,3.71528821816938514e-05,0.137243946446976295
6.43847259951462961e-05,0.862654515961098434,3.7152882187617268e-05,0.137243946430718772
6.43847260144414084e-05,0.862654515977497094,3.7152882193601217e-05,0.137243946414294798
6.43847260339360411e-05,0.862654515994063287,3.71528821996479954e-05,0.137243946397703126
6.43847260536314545e-05,0.862654516010801342,3.71528822057572036e-05,0.137243946380939175
6.43847260735275402e-05,0.862654516027707263,3.71528822119286789e-05,0.137243946364007385
6.43847260936277133e-05,0.8626545160447876,3.71528822181648133e-05,0.137243946346900542
6.43847261139338713e-05,0.862654516062042798,3.71528822244635332e-05,0.137243946329618921
6.43847261344468545e-05,0.862654516079469302,3.71528822308281862e-05,0.13724394631216541
6.43847261551679095e-05,0.862654516097071888,3.71528822372573154e-05,0.137243946294535818
6.43847261761026609e-05,0.862654516114854442,3.71528822437518151e-05,0.137243946276725537
6.43847261972431531e-05,0.862654516132810634,3.71528822503120447e-05,0.137243946258741839
6.4384726218597179e-05,0.862654516150949791,3.71528822569383902e-05,0.137243946240574788
6.43847262401658362e-05,0.862654516169267249,3.7152882263631692e-05,0.137243946222228935
6.43847262619572834e-05,0.862654516187775,3.71528822703941523e-05,0.137243946203692652
6.43847262839656389e-05,0.862654516206468269,3.71528822772246057e-05,0.137243946184970544
6.43847263061896285e-05,0.862654516225340173,3.71528822841223405e-05,0.137243946166069469
6.4384726328632993e-05,0.862654516244397374,3.71528822910873773e-05,0.137243946146982876
6.43847263512983478e-05,0.862654516263645643,3.71528822981225077e-05,0.137243946127704963
6.43847263741916968e-05,0.862654516283081763,3.71528823052291683e-05,0.137243946108238757
6.43847263973138125e-05,0.862654516302709728,3.71528823124070407e-05,0.137243946088580648
6.438472642066048e-05,0.86265451632253265,3.71528823196547899e-05,0.137243946068726974
6.43847264442364697e-05,0.862654516342544864,3.71528823269736357e-05,0.13724394604868384
6.43847264680446143e-05,0.862654516362758916,3.71528823343650214e-05,0.137243946028438646
6.43847264920896977e-05,0.862654516383165704,3.71528823418307833e-05,0.137243946008000439
6.43847265163670308e-05,0.862654516403773552,3.71528823493680552e-05,0.137243945987360755
6.43847265408818313e-05,0.862654516424579021,3.71528823569798253e-05,0.137243945966523062
6.43847265656379616e-05,0.862654516445590436,3.7152882364667083e-05,0.137243945945479229
6.43847265906317354e-05,0.862654516466803578,3.7152882372428534e-05,0.137243945924233501
6.43847266158670831e-05,0.862654516488221224,3.71528823802650388e-05,0.137243945902782771
6.43847266413541961e-05,0.862654516509845926,3.71528823881799857e-05,0.137243945881124568
6.43847266670822188e-05,0.862654516531677462,3.71528823961702102e-05,0.137243945859259142
6.4384726693055244e-05,0.862654516553718165,3.71528824042366947e-05,0.137243945837184411
6.43847267192787742e-05,0.862654516575970698,3.71528824123811468e-05,0.137243945814897739
6.43847267457554521e-05,0.862654516598432619,3.71528824206047119e-05,0.137243945792401012
6.43847267724902378e-05,0.862654516621115475,3.71528824289093278e-05,0.137243945769683184
6.43847267994813424e-05,0.862654516644012492,3.7152882437292684e-05,0.13724394574675064
6.43847268267253237e-05,0.862654516667123894,3.71528824457563592e-05,0.1372439457236036
6.4384726854226803e-05,0.862654516690456896,3.71528824542985035e-05,0.137243945700234599
6.43847268819947521e-05,0.862654516714011277,3.71528824629254798e-05,0.137243945676643719
6.43847269100223404e-05,0.86265451673778204,3.71528824716323077e-05,0.137243945652836347
6.43847269383153957e-05,0.862654516761780732,3.71528824804226326e-05,0.137243945628800601
6.43847269668782954e-05,0.862654516786006242,3.71528824892965903e-05,0.137243945604537593
6.43847269957179377e-05,0.862654516810464789,3.71528824982570401e-05,0.137243945580041105
6.43847270248204854e-05,0.862654516835148044,3.7152882507298961e-05,0.137243945555319963
6.43847270541965367e-05,0.862654516860059339,3.71528825164273876e-05,0.137243945530370115
6.43847270838491408e-05,0.862654516885204781,3.71528825256416695e-05,0.137243945505185788
6.43847271137804934e-05,0.862654516910588254,3.71528825349413662e-05,0.137243945479762985
6.4384727143991028e-05,0.862654516936207427,3.71528825443302792e-05,0.137243945454104205
6.43847271744884425e-05,0.862654516962065188,3.71528825538069583e-05,0.137243945428206449
6.43847272052683187e-05,0.862654516988161646,3.71528825633726369e-05,0.137243945402069717
6.43847272363301418e-05,0.86265451701449658,3.71528825730261427e-05,0.137243945375694149
6.43847272676830595e-05,0.862654517041078983,3.71528825827708163e-05,0.13724394534907064
6.43847272993257439e-05,0.862654517067904192,3.71528825926050179e-05,0.137243945322203853
6.4384727331261095e-05,0.862654517094981421,3.71528826025308955e-05,0.137243945295084879
6.43847273634969329e-05,0.862654517122309006,3.71528826125497706e-05,0.137243945267715051
6.43847273960257763e-05,0.862654517149883393,3.71528826226609588e-05,0.137243945240097948
6.43847274288519486e-05,0.86265451717770969,3.71528826328638298e-05,0.13724394521222863
6.43847274619858175e-05,0.862654517205796778,3.71528826431644687e-05,0.137243945184098076
6.43847274954297683e-05,0.862654517234144325,3.71528826535603141e-05,0.137243945155706676
6.43847275291680257e-05,0.862654517262738452,3.71528826640478153e-05,0.137243945127068279
6.43847275632161345e-05,0.86265451729159448,3.71528826746329014e-05,0.137243945098167591
6.43847275975749757e-05,0.862654517320720182,3.7152882685314258e-05,0.137243945068996842
6.43847276322527621e-05,0.862654517350106897,3.71528826960956389e-05,0.137243945039564663
6.43847276672494665e-05,0.862654517379767616,3.7152882706975872e-05,0.137243945009858176
6.43847277025574996e-05,0.862654517409687349,3.71528827179537713e-05,0.137243944979892174
6.43847277381883539e-05,0.86265451743988375,3.71528827290313902e-05,0.13724394494964906
6.43847277741458105e-05,0.862654517470352156,3.71528827402120896e-05,0.137243944919133332
6.43847278104250854e-05,0.862654517501091678,3.71528827514918782e-05,0.13724394488834632
6.43847278470294313e-05,0.862654517532108644,3.71528827628736023e-05,0.137243944857281475
6.43847278839676708e-05,0.862654517563410383,3.71528827743594978e-05,0.137243944825931302
6.43847279212385706e-05,0.86265451759498879,3.7152882785949436e-05,0.137243944794304157
6.43847279588478363e-05,0.862654517626855077,3.71528827976444877e-05,0.137243944762388409
6.43847279967922831e-05,0.862654517659001696,3.71528828094440429e-05,0.137243944730192108
6.43847280350768171e-05,0.862654517691438194,3.71528828213495382e-05,0.137243944697705511
6.43847280737063442e-05,0.86265451772416446,3.7152882833363203e-05,0.137243944664928536
6.43847281126821113e-05,0.862654517757182715,3.71528828454841971e-05,0.137243944631859183
6.4384728152004308e-05,0.862654517790492625,3.7152882857713984e-05,0.137243944598497702
6.43847281916793855e-05,0.862654517824102185,3.71528828700527604e-05,0.13724394456483599
6.43847282317076554e-05,0.86265451785801095,3.71528828825031147e-05,0.137243944530874795
6.43847282720945522e-05,0.862654517892224137,3.71528828950635291e-05,0.137243944496608733
6.43847283128361458e-05,0.862654517926733866,3.71528829077356231e-05,0.137243944462045742
6.43847283539431562e-05,0.862654517961548795,3.7152882920522053e-05,0.137243944427176801
6.43847283954141196e-05,0.862654517996677028,3.71528829334210367e-05,0.137243944391994166
6.43847284372533324e-05,0.862654518032110351,3.71528829464356098e-05,0.137243944356506081
6.43847284794596425e-05,0.862654518067858311,3.71528829595642952e-05,0.137243944320702665
6.43847285220431194e-05,0.862654518103927792,3.71528829728104675e-05,0.137243944284577452
6.43847285650007951e-05,0.862654518140307802,3.7152882986173964e-05,0.137243944248140987
6.43847286083419531e-05,0.862654518177013552,3.71528829996561197e-05,0.137243944211378477
6.43847286520584348e-05,0.862654518214035271,3.71528830132556809e-05,0.137243944174299332
6.43847286961554579e-05,0.862654518251376068,3.71528830269738877e-05,0.137243944136900858
6.43847287406410998e-05,0.862654518289046268,3.71528830408141621e-05,0.137243944099172149
6.43847287855230988e-05,0.862654518327055198,3.71528830547768362e-05,0.137243944061104489
6.43847288307930661e-05,0.862654518365385203,3.71528830688615101e-05,0.137243944022715253
6.43847288764605289e-05,0.862654518404057269,3.71528830830696882e-05,0.137243943983983208
6.43847289225260837e-05,0.862654518443064844,3.71528830974016686e-05,0.13724394394491532
6.43847289689956123e-05,0.862654518482409038,3.71528831118599315e-05,0.137243943905510091
6.43847290158693178e-05,0.862654518522096847,3.71528831264443074e-05,0.137243943865760831
6.43847290631528518e-05,0.862654518562132822,3.71528831411559144e-05,0.137243943825662851
6.43847291108466208e-05,0.862654518602512188,3.71528831559961011e-05,0.137243943785220812
6.43847291589518444e-05,0.862654518643240609,3.71528831709643252e-05,0.137243943744429497
6.43847292074787415e-05,0.862654518684324523,3.71528831860642935e-05,0.137243943703281995
6.43847292564233951e-05,0.862654518725758046,3.7152883201294244e-05,0.13724394366178419
6.43847293057914704e-05,0.862654518767554945,3.71528832166573617e-05,0.137243943619922593
6.43847293555960184e-05,0.862654518809716775,3.71528832321551373e-05,0.137243943577695621
6.43847294058416333e-05,0.862654518852253083,3.71528832477911215e-05,0.13724394353509331
6.43847294565075257e-05,0.862654518895146216,3.71528832635582265e-05,0.137243943492133841
6.43847295075982898e-05,0.862654518938394288,3.71528832794574686e-05,0.137243943448818628
6.43847295591313813e-05,0.862654518982013285,3.71528832954944044e-05,0.137243943405132157
6.43847296111076269e-05,0.862654519026011202,3.71528833116701994e-05,0.137243943361066045
6.43847296635287613e-05,0.862654519070383041,3.71528833279845215e-05,0.137243943316625566
6.43847297164010186e-05,0.862654519115136909,3.71528833444395392e-05,0.137243943271802282
6.43847297697289661e-05,0.862654519160272137,3.71528833610364857e-05,0.13724394322659722
6.43847298235169678e-05,0.862654519205799053,3.71528833777776582e-05,0.137243943180999722
6.43847298777650099e-05,0.862654519251714991,3.71528833946615998e-05,0.137243943135012481
6.43847299324750713e-05,0.862654519298018396,3.7152883411689903e-05,0.137243943088637521
6.43847299876511905e-05,0.862654519344718484,3.71528834288630352e-05,0.137243943041864991
6.43847300433013364e-05,0.862654519391816033,3.7152883446184222e-05,0.13724394299469439
6.43847300994245198e-05,0.86265451943931426,3.71528834636532669e-05,0.137243942947122749
6.43847301560243048e-05,0.862654519487215388,3.71528834812703392e-05,0.137243942899147486
6.43847302131115472e-05,0.862654519535524189,3.71528834990400334e-05,0.137243942850763689
6.43847302706747001e-05,0.862654519584242441,3.71528835169582293e-05,0.137243942801969721
6.43847303287309076e-05,0.862654519633373695,3.71528835350302193e-05,0.137243942752762665
6.43847303872810504e-05,0.862654519682918175,3.71528835532560373e-05,0.137243942703141303
6.43847304463226349e-05,0.862654519732882985,3.71528835716344771e-05,0.13724394265309886
6.43847305058672351e-05,0.862654519783267792,3.71528835901707835e-05,0.137243942602636254
6.43847305659163687e-05,0.862654519834080036,3.71528836088641908e-05,0.13724394255174524
6.43847306264716079e-05,0.862654519885319271,3.71528836277145566e-05,0.137243942500426513
6.43847306875375335e-05,0.862654519936992381,3.71528836467247949e-05,0.137243942448673412
6.43847307491229409e-05,0.862654519989103696,3.71528836658978194e-05,0.137243942396481217
6.43847308112268138e-05,0.862654520041648776,3.71528836852318275e-05,0.137243942343854924
6.43847308738485017e-05,0.862654520094637944,3.71528837047268193e-05,0.137243942290783488
6.43847309369970306e-05,0.862654520148065096,3.7152883724386908e-05,0.137243942237273653
6.43847310006763035e-05,0.862654520201946662,3.7152883744212507e-05,0.137243942183308487
6.43847310648949263e-05,0.862654520256280088,3.71528837642059608e-05,0.137243942128890767
6.43847311296475458e-05,0.862654520311059381,3.71528837843660835e-05,0.137243942074026515
6.43847311949451124e-05,0.862654520366307187,3.71528838046960262e-05,0.137243942018693027
6.43847312607884393e-05,0.862654520422013515,3.71528838251964055e-05,0.13724394196290049
6.4384731327183354e-05,0.862654520478182918,3.71528838458688409e-05,0.137243941906643907
6.43847313941503481e-05,0.862654520534835934,3.71528838667193633e-05,0.137243941849903295
6.43847314616590095e-05,0.86265452059194625,3.71528838877386824e-05,0.137243941792704355
6.43847315297290572e-05,0.862654520649529855,3.71528839089338048e-05,0.13724394173503135
6.43847315983684331e-05,0.862654520707596073,3.71528839303059233e-05,0.137243941676875258
6.43847316675779096e-05,0.862654520766147015,3.7152883951856e-05,0.137243941618233556
6.43847317373649676e-05,0.862654520825179683,3.71528839735860069e-05,0.137243941559109406
6.43847318077329412e-05,0.862654520884707732,3.71528839954975634e-05,0.137243941499489042
6.43847318786965755e-05,0.862654520944735159,3.71528840175949115e-05,0.137243941439368522
6.43847319502385232e-05,0.862654521005249753,3.71528840398724946e-05,0.137243941378759976
6.43847320223738277e-05,0.862654521066270941,3.71528840623354493e-05,0.137243941317644391
6.43847320951081674e-05,0.862654521127794061,3.71528840849847511e-05,0.137243941256025737
6.43847321684478443e-05,0.862654521189829215,3.7152884107822467e-05,0.137243941193894436
6.43847322423932107e-05,0.862654521252373852,3.71528841308488747e-05,0.137243941131252933
6.43847323169512734e-05,0.862654521315438849,3.71528841540670575e-05,0.137243941068090042
6.43847323921309091e-05,0.862654521379027428,3.71528841774791633e-05,0.137243941004402986
6.43847324679250706e-05,0.862654521443133815,3.71528842010832272e-05,0.137243940940197068
6.43847325443435971e-05,0.862654521507771777,3.7152884224881885e-05,0.13724394087545902
6.43847326213976422e-05,0.862654521572937982,3.71528842488779489e-05,0.137243940810191672
6.43847326990917867e-05,0.86265452163865286,3.71528842730745835e-05,0.137243940744374987
6.43847327774151615e-05,0.862654521704893762,3.71528842974665845e-05,0.137243940678031445
6.43847328563871467e-05,0.862654521771682448,3.71528843220613245e-05,0.13724394061113912
6.43847329360085148e-05,0.862654521839024468,3.7152884346859034e-05,0.137243940543692627
6.43847330162868959e-05,0.862654521906916272,3.71528843718607564e-05,0.137243940475695603
6.43847330972332268e-05,0.862654521975373401,3.71528843970711606e-05,0.137243940407132392
6.43847331788309734e-05,0.862654522044380756,3.71528844224845478e-05,0.1372439403380179
6.43847332610987706e-05,0.862654522113954991,3.71528844481076875e-05,0.137243940268335807
6.43847333440403046e-05,0.862654522184096439,3.71528844739401866e-05,0.137243940198085446
6.43847334276640321e-05,0.862654522254814649,3.71528844999858399e-05,0.137243940127257824
6.43847335119716201e-05,0.862654522326111395,3.71528845262449929e-05,0.137243940055850305
6.43847335969712273e-05,0.862654522397987789,3.71528845527189128e-05,0.137243939983862445
6.4384733682668234e-05,0.862654522470461371,3.71528845794109335e-05,0.13724393991127673
6.43847337690686304e-05,0.862654522543519375,3.71528846063231693e-05,0.137243939838105317
6.4384733856165071e-05,0.862654522617168573,3.71528846334514255e-05,0.137243939764341766
6.43847339439711355e-05,0.862654522691419623,3.7152884660801069e-05,0.137243939689975558
6.43847340324940203e-05,0.862654522766276743,3.71528846883739566e-05,0.137243939615002503
6.43847341217400137e-05,0.862654522841738935,3.71528847161737405e-05,0.137243939539423127
6.43847342117227225e-05,0.862654522917825073,3.71528847442025283e-05,0.137243939463218917
6.43847343024264528e-05,0.862654522994523054,3.71528847724555495e-05,0.13724393938640217
6.43847343938664513e-05,0.862654523071840873,3.71528848009387738e-05,0.137243939308964419
6.43847344860622606e-05,0.862654523149796293,3.71528848296572904e-05,0.137243939230888068
6.43847345789930236e-05,0.862654523228370107,3.71528848586062812e-05,0.137243939152192213
6.43847346726821588e-05,0.862654523307587517,3.7152884887790327e-05,0.137243939072851956
6.43847347671347485e-05,0.862654523387451633,3.7152884917213453e-05,0.137243938992863829
6.4384734862349573e-05,0.862654523467955348,3.71528849468738906e-05,0.137243938912235575
6.43847349583454704e-05,0.862654523549119645,3.71528849767780364e-05,0.137243938830945184
6.43847350551097011e-05,0.862654523630930314,3.71528850069211878e-05,0.137243938749007699
6.43847351526560753e-05,0.862654523713402233,3.71528850373094164e-05,0.137243938666407828
6.43847352509980099e-05,0.862654523796547168,3.71528850679446872e-05,0.137243938583133857
6.43847353501301111e-05,0.862654523880359347,3.71528850988274813e-05,0.13724393849919167
6.43847354500666632e-05,0.86265452396485387,3.71528851299605026e-05,0.137243938414565975
6.43847355508051861e-05,0.862654524050021076,3.71528851613438051e-05,0.137243938329266818
6.43847356523614956e-05,0.862654524135878398,3.7152885192982051e-05,0.13724393824327627
6.43847357547360389e-05,0.862654524222429386,3.71528852248750979e-05,0.137243938156591083
6.43847358579424092e-05,0.862654524309681925,3.71528852570280485e-05,0.137243938069203014
6.43847359619840895e-05,0.862654524397638567,3.71528852894418649e-05,0.13724393798110987
6.43847360668502243e-05,0.86265452448629143,3.71528853221123051e-05,0.137243937892319562
6.43847361725596515e-05,0.862654524575659276,3.71528853550457186e-05,0.137243937802813021
6.43847362791190932e-05,0.862654524665741884,3.71528853882440366e-05,0.137243937712590719
6.43847363865384834e-05,0.862654524756550578,3.71528854217115687e-05,0.137243937621641221
6.43847364948225655e-05,0.862654524848088133,3.71528854554478474e-05,0.137243937529961696
6.43847366039728845e-05,0.862654524940362544,3.71528854894542077e-05,0.137243937437543956
6.43847367140094981e-05,0.862654525033379027,3.71528855237375613e-05,0.137243937344383227
6.43847368249188674e-05,0.862654525127136806,3.71528855582923449e-05,0.137243937250479953
6.43847369367195999e-05,0.862654525221642321,3.71528855931259379e-05,0.137243937155827722
6.43847370494182551e-05,0.862654525316913334,3.71528856282390315e-05,0.137243937060408883
6.43847371630189259e-05,0.862654525412941076,3.71528856636336923e-05,0.137243936964232205
6.43847372775371976e-05,0.862654525509741754,3.71528856993150297e-05,0.137243936867281396
6.43847373929616861e-05,0.862654525607311373,3.71528857352783885e-05,0.137243936769560371
6.43847375093085868e-05,0.862654525705656705,3.71528857715294742e-05,0.137243936671062383
6.43847376265899342e-05,0.862654525804792183,3.7152885808072278e-05,0.137243936571773223
6.43847377448085066e-05,0.862654525904715586,3.7152885844907376e-05,0.137243936471694833
6.43847378639691965e-05,0.862654526005441236,3.71528858820352356e-05,0.137243936370812808
6.43847379840820192e-05,0.862654526106969133,3.71528859194615016e-05,0.137243936269127204
6.43847381051534256e-05,0.862654526209306272,3.71528859571861603e-05,0.137243936166631331
6.43847382271941631e-05,0.862654526312458758,3.71528859952126745e-05,0.137243936063318861
6.43847383502029304e-05,0.862654526416430145,3.71528860335417488e-05,0.137243935959186075
6.4384738474207944e-05,0.862654526521246079,3.71528860721813319e-05,0.137243935854207688
6.43847385991813941e-05,0.862654526626873364,3.71528861111229873e-05,0.137243935748416174
6.43847387251501554e-05,0.862654526733340088,3.71528861503756257e-05,0.137243935641784554
6.43847388521232402e-05,0.862654526840662683,3.71528861899401281e-05,0.137243935534295258
6.43847389801057986e-05,0.862654526948834155,3.71528862298203433e-05,0.137243935425955893
6.43847391091169802e-05,0.862654527057871823,3.71528862700211437e-05,0.137243935316749055
6.4384739239140915e-05,0.862654527167769136,3.71528863105382667e-05,0.137243935206680989
6.43847393702239799e-05,0.862654527278554406,3.71528863513849466e-05,0.137243935095724079
6.43847395023264117e-05,0.862654527390207093,3.71528863925504633e-05,0.137243934983897975
6.43847396354746377e-05,0.862654527502740631,3.71528864340413828e-05,0.137243934871189827
6.43847397696769116e-05,0.862654527616162015,3.71528864758611952e-05,0.137243934757592445
6.43847399049429504e-05,0.862654527730479681,3.71528865180136136e-05,0.137243934643097365
6.43847400412811296e-05,0.862654527845706509,3.71528865604989295e-05,0.13724393452769168
6.43847401787026437e-05,0.862654527961846829,3.71528866033229231e-05,0.137243934411371227
6.43847403172246094e-05,0.862654528078916294,3.71528866464905004e-05,0.137243934294119879
6.43847404568280126e-05,0.862654528196898807,3.71528866899951222e-05,0.137243934175954208
6.43847405975371935e-05,0.862654528315816349,3.71528867338437614e-05,0.137243934056852146
6.43847407393596739e-05,0.8626545284356677,3.71528867780407005e-05,0.137243933936814805
6.43847408823248086e-05,0.862654528556491496,3.715288682259338e-05,0.137243933815803604
6.43847410263978081e-05,0.862654528678245769,3.71528868674918047e-05,0.137243933693860343
6.43847411716069024e-05,0.862654528800964826,3.71528869127451159e-05,0.137243933570950716
6.43847413179627709e-05,0.862654528924650776,3.71528869583547907e-05,0.137243933447072947
6.43847414654833707e-05,0.862654529049314722,3.71528870043290151e-05,0.137243933322215489
6.43847416141578056e-05,0.86265452917495633,3.71528870506621645e-05,0.137243933196378898
6.43847417640105513e-05,0.862654529301592699,3.71528870973638817e-05,0.137243933069545826
6.4384741915045335e-05,0.8626545294292286,3.71528871444328521e-05,0.13724393294171186
6.43847420672689869e-05,0.862654529557864258,3.71528871918741917e-05,0.137243932812876696
6.4384742220693054e-05,0.862654529687517435,3.71528872396886256e-05,0.137243932683022013
6.43847423753433266e-05,0.862654529818200899,3.71528872878858912e-05,0.137243932552135794
6.4384742531204504e-05,0.862654529949911875,3.7152887336460832e-05,0.13724393242022051
6.4384742688277318e-05,0.862654530082642146,3.71528873854137933e-05,0.137243932287284293
6.4384742846584076e-05,0.862654530216416249,3.71528874347520192e-05,0.137243932153302467
6.43847430061362977e-05,0.862654530351241733,3.71528874844777863e-05,0.137243932018267761
6.43847431669412608e-05,0.862654530487126703,3.71528875345946726e-05,0.137243931882171821
6.43847433290157975e-05,0.862654530624080929,3.71528875851070826e-05,0.13724393174500496
6.4384743492361873e-05,0.862654530762106742,3.71528876360168324e-05,0.137243931606764902
6.43847436569968209e-05,0.862654530901228567,3.71528876873278996e-05,0.137243931467427027
