0.25,0.25,0.25,0.25
0.000155561212300250429,0.960511998621978891,1.58157375826788463e-05,0.0393166244281380403
0.000115494025000070958,0.948994393241601841,1.83000586603421284e-05,0.0508718126747376709
0.000102181572033051193,0.944119192183700107,1.93542848540593718e-05,0.0557592719594126041
9.55582199589075017e-05,0.941629378503564096,1.98928164752559404e-05,0.0582551704600018025
9.1605266772294889e-05,0.940132527204144974,2.02165974286206847e-05,0.0597556509316541223
8.89855545473598579e-05,0.939136662696209767,2.043201835636838e-05,0.0607539197308863965
8.71269281594316423e-05,0.93842888380994971,2.05851242663774415e-05,0.0614634041376244666
8.5743407809118718e-05,0.937902075557729642,2.06990827288560189e-05,0.0619914819517324092
8.46762558533064913e-05,0.937496001388902656,2.07869236393753617e-05,0.0623985354316048402
8.38302824180215745e-05,0.937174108124735894,2.08565547210731751e-05,0.0627212050381250885
8.31449164175564935e-05,0.936913357948464198,2.09129594340635101e-05,0.0629825841756841837
8.25797448676646422e-05,0.936698310169136739,2.09594779885398895e-05,0.0631981506080070005
8.21068597955277462e-05,0.936518386960659366,2.0998398472470326e-05,0.0633785077810728181
8.1706256319958524e-05,0.93636598087983014,2.10313664989624913e-05,0.06353128149735085
8.13633188895619057e-05,0.936235536083929509,2.10595838826146508e-05,0.0636620410132982262
8.10670533322973338e-05,0.936122871674349266,2.10839550195459801e-05,0.0637749773172991558
8.0809086341913252e-05,0.93602479097482516,2.11051714264817257e-05,0.0638732947674065937
8.05828155291164012e-05,0.935938795316469507,2.11237735828130392e-05,0.0639594980944185182
8.03830752355286015e-05,0.935862913506250393,2.11401879025210887e-05,0.0640355632306115613
8.02057323177971101e-05,0.935795562596526964,2.11547568242411125e-05,0.0641030769143309809
8.00454356021278516e-05,0.935719676511310161,2.1171200809010436e-05,0.0641791068522785113
7.99078776853305882e-05,0.935683438535457435,2.11790088826099203e-05,0.0642154745779746072
7.97839124434379768e-05,0.935633122389860516,2.11898991602391611e-05,0.0642659037985358061
7.96719505413585725e-05,0.935586549094188813,2.11999813730448381e-05,0.0643125789738967224
7.95706695751741811e-05,0.935549757642460733,2.12079366582853523e-05,0.064349463751305791
7.94584476281199654e-05,0.935514655614636426,2.1215515290159845e-05,0.0643846704224453337
7.93747447893450683e-05,0.935480289726691727,2.12229540433831682e-05,0.0644191125744755788
7.92968140734928961e-05,0.935450420163858376,2.12294157619572678e-05,0.0644490536063062475
7.92254625388350882e-05,0.935423416821034803,2.12352567729976355e-05,0.0644761224596535482
7.91599281411608569e-05,0.935398603661368067,2.12406240540330857e-05,0.0645009957864367128
7.90996669862257677e-05,0.935375832571632482,2.12455495318834455e-05,0.0645238222118492688
7.90441076032377053e-05,0.935354798774664431,2.1250099302300298e-05,0.0645449070184301033
7.89927529375787863e-05,0.935335332100046379,2.12543101397963079e-05,0.0645644208368761907
7.89451905231372216e-05,0.935317315637571256,2.1258207257436662e-05,0.0645824809646480258
7.89010434817721877e-05,0.935300601491665939,2.12618226561939853e-05,0.0645992356421961483
7.88599908414307254e-05,0.935285075291100831,2.12651810616914549e-05,0.0646147995369959344
7.8821751672307754e-05,0.935270618728780589,2.12683080876490309e-05,0.0646292912114595774
7.87860545797130509e-05,0.935257135357143055,2.12712245842908482e-05,0.0646428073636930445
7.87526869367261918e-05,0.935244535674449651,2.12739499288480363e-05,0.0646554376886849524
7.87214293083801127e-05,0.935232737043506068,2.12765019955330303e-05,0.0646672650251900599
7.86921091521646811e-05,0.935221674263608804,2.12788948875217023e-05,0.0646783547323513675
7.86645544996805919e-05,0.935211281112753534,2.12811429312877755e-05,0.0646887731898156543
7.86386211694408099e-05,0.93520150341263153,2.12832578452297148e-05,0.064698574708353801
7.86141744495289901e-05,0.935192290345724597,2.12852506212131106e-05,0.0647078102292045765
7.85910886191006715e-05,0.935183593666483404,2.12871316963670122e-05,0.0647165281132010828
7.85692780917835956e-05,0.935175377853416645,2.12889087602620254e-05,0.064724763959731535
7.85486206908701958e-05,0.935167605920761758,2.12905897953719257e-05,0.0647325548687519986
7.85290165416180304e-05,0.935160232380840561,2.12921846557928491e-05,0.0647399464179620743
7.85103921190474292e-05,0.935153229197951075,2.12936994062475146e-05,0.0647469667105236429
7.84926858065806125e-05,0.935146574040128242,2.12951388753966648e-05,0.0647536381351897228
7.84758367605473497e-05,0.935140242439188141,2.12965083586516836e-05,0.0647599852156926226
7.84597843706697087e-05,0.935134212023451372,2.12978126940727941e-05,0.0647660303794838771
7.84444633504139961e-05,0.935128461000897304,2.12990565898145983e-05,0.0647717954791623834
7.84298069317109484e-05,0.935122963023041542,2.13002457473146345e-05,0.0647773069242796595
7.84157832187698018e-05,0.935117702331575096,2.13013835823003137e-05,0.0647825805016237766
7.84023687815626054e-05,0.935112668968036576,2.13024722509575103e-05,0.0647876261909308554
7.83895218895449511e-05,0.935107850414809039,2.13035144546303606e-05,0.0647924565488466192
7.83772019065865142e-05,0.935103231885388908,2.13045133906047997e-05,0.0647970863993138219
7.83653304012189026e-05,0.935098794105578834,2.1305473207989212e-05,0.0648015350908119903
7.83538614727786109e-05,0.935094505028468248,2.13064008669933903e-05,0.0648058347091921838
7.83428148645957245e-05,0.93509036950843416,2.13072953226244495e-05,0.0648099803813786679
7.83321647073417408e-05,0.935086384616504618,2.13081571952335687e-05,0.0648139750615928656
7.83218865210233097e-05,0.935082541256902045,2.13089884519747911e-05,0.0648178278681250664
7.83119581086489129e-05,0.935078829735806805,2.13097911921798318e-05,0.0648215485148924131
7.83023596706565765e-05,0.935075242795885608,2.13105669852049148e-05,0.0648251442774587794
7.8293071188194246e-05,0.935071771687224773,2.13113177259776245e-05,0.0648286239238610451
7.82840761316491056e-05,0.935068411269652344,2.13120445242050036e-05,0.0648319926096917465
7.82753573886777121e-05,0.935065154872288473,2.13127488232194644e-05,0.0648352570214995733
7.82670071952028631e-05,0.935062025568169752,2.13134256549358393e-05,0.0648383939989802399
7.82591213083812926e-05,0.935059047617524675,2.1314069794750606e-05,0.0648413791913722004
7.82516126884678112e-05,0.93505620312123805,2.13146850854232965e-05,0.0648442305809880937
7.82442592720597457e-05,0.935053449694809524,2.13152806148582426e-05,0.0648469907653036332
7.82364933250953207e-05,0.935050729974848616,2.1315868488158033e-05,0.0648497176633381078
7.8227869316478579e-05,0.935047494969769022,2.13165681878797082e-05,0.0648529605927265912
7.82216565513648652e-05,0.93504492539844164,2.13171244249470058e-05,0.0648555358205818444
7.82171945403301613e-05,0.935042999865470681,2.13175413879874862e-05,0.0648574653986010441
7.82067159056952835e-05,0.935040396935697182,2.13181017981779278e-05,0.064860078246598854
7.82001022588724073e-05,0.935037063739662555,2.13188243906109772e-05,0.0648634173336880698
7.81936776402740279e-05,0.935034666113702562,2.13193429498135133e-05,0.0648658208657073715
7.81874147397031675e-05,0.935032345625142258,2.13198447930147822e-05,0.0648681471153251671
7.81813069825223718e-05,0.935030071717681044,2.13203365837755765e-05,0.0648704266387526707
7.81753479525681554e-05,0.935027849884831119,2.13208171185643015e-05,0.0648726539500975863
7.81695307029514635e-05,0.935025681535241904,2.13212860849097814e-05,0.0648748276479702846
7.81638390034917937e-05,0.935023564079431213,2.13217440361000392e-05,0.0648769503375291601
7.81589076504286861e-05,0.935021561316166983,2.13221775114670769e-05,0.0648789575986711414
7.81546681715706009e-05,0.935019928475989248,2.13225307621071945e-05,0.0648805943250771594
7.81469541494450755e-05,0.935017544629456743,2.13230453751681909e-05,0.0648829853710184423
7.81422127028229908e-05,0.935015222127160262,2.13235487657354175e-05,0.0648853121113711906
7.81423746675673821e-05,0.935014699381142012,2.13236629650568985e-05,0.0648858345812254322
7.81312804328226083e-05,0.935011826851209649,2.13242817624964873e-05,0.0648887175865948962
7.81262994318925334e-05,0.935009592747485407,2.13247656877623001e-05,0.0648909561873949881
7.81214241697875437e-05,0.935007781136834915,2.13251574887386876e-05,0.0648927722815065
7.81166370098029339e-05,0.935006047910934668,2.13255322478842312e-05,0.0648945099198076913
7.81119340894844295e-05,0.935004316520805179,2.13259066677884682e-05,0.0648962456384375302
7.81073205750751825e-05,0.935002570283578693,2.13262843929437975e-05,0.0648979961114531378
7.81031553792996985e-05,0.935000935579810233,2.13266381045257841e-05,0.0648996346267060736
7.80996366201405274e-05,0.934999508520782729,2.13269469723360049e-05,0.064901064895624902
7.8096204815831144e-05,0.934998222017645264,2.13272252298321951e-05,0.0649023545523091105
7.80931454778879412e-05,0.934997046764818318,2.1327479480269102e-05,0.0649035326102236076
7.80848851032088986e-05,0.934995501683161812,2.13278106508018374e-05,0.0649050856210842408
7.80807378267594582e-05,0.93499265583061153,2.1328428686498422e-05,0.0649079350028752139
7.80766899412214938e-05,0.934991043045436898,2.13287777003737108e-05,0.0649095514869213186
7.80727119326772877e-05,0.934989732623050074,2.13290607800633742e-05,0.064910865604237325
7.80687910782038643e-05,0.934988336355931482,2.13293626354409784e-05,0.0649122654903548923
7.80649218761309915e-05,0.934986701975399015,2.13297164923346689e-05,0.0649139033862324299
7.80611104579398429e-05,0.934985057696276822,2.1330072551528564e-05,0.0649155511207138297
7.80573621965285761e-05,0.934983611294330608,2.13303854737021768e-05,0.0649170009579992102
7.80536775699249106e-05,0.934982419994730862,2.13306427708646482e-05,0.0649181956849284869
7.80500433430326946e-05,0.934981101544285376,2.13309278530957481e-05,0.0649195174845186573
7.80464613660270521e-05,0.934979751347201349,2.13312199015319232e-05,0.0649208709715310278
7.80429343921257892e-05,0.934978493021150436,2.13314919408975362e-05,0.0649221325525165538
7.80395517093721328e-05,0.93497730317383787,2.13317491411613324e-05,0.0649233255253115205
7.80366813347716789e-05,0.934976185867556819,2.13319908838420932e-05,0.0649244454602246474
7.80338907327532248e-05,0.934975127212602453,2.13322198851175619e-05,0.0649255066767794875
7.80312371102088125e-05,0.934974129199644177,2.13324357522015457e-05,0.064926507127493302
7.80287999359630292e-05,0.934973195257341128,2.13326377947063325e-05,0.064927443304928098
7.80223907416814486e-05,0.934972028454561621,2.13328877616572183e-05,0.0649286162669349964
7.80192046492499385e-05,0.934969866462754595,2.13333572579210247e-05,0.0649307809753382204
7.8016100323938535e-05,0.934968623520180731,2.13336262482028387e-05,0.064932026753247149
7.80130155979933966e-05,0.934967479026954762,2.13338737680418448e-05,0.0649331740836792681
7.80099883634232543e-05,0.934966353367860159,2.13341172195806465e-05,0.064934302526556964
7.8006998023733221e-05,0.934965240323532343,2.13343579450825193e-05,0.0649354183204987889
7.80040378130697536e-05,0.934964142761575245,2.13345953138159156e-05,0.0649365186052980187
7.80011236496089039e-05,0.934963059931150475,2.13348295012369681e-05,0.0649376041156986411
7.79982449054136514e-05,0.934961990617207084,2.13350607647633567e-05,0.0649386760771228505
7.79954217877518754e-05,0.934960938677456777,2.13352882772424278e-05,0.0649397306124780693
7.79927696858440529e-05,0.93495992161627639,2.13355083026903725e-05,0.0649407501057349679
7.7990934054031363e-05,0.934959145125361268,2.13356764228567848e-05,0.0649415282641619129
7.79869990928217069e-05,0.934958132808384135,2.13358944784076412e-05,0.0649425442980447049
7.79865228471740118e-05,0.934956962281809023,2.13361495793702696e-05,0.0649437150457643358
7.79815266805277199e-05,0.934956330150405801,2.13362838944760431e-05,0.0649443520390192708
7.79789080219519583e-05,0.934954851777599738,2.13366046172266195e-05,0.0649458327097611615
7.79763212263538121e-05,0.934953846588321147,2.13368220996378635e-05,0.064946840268352915
7.79737811140654311e-05,0.934952897975870001,2.13370272692319089e-05,0.0649477912157465781
7.79721301522766022e-05,0.934952055973513385,2.13372098207133916e-05,0.0649486346865135455
7.79698830009498091e-05,0.934951425016581572,2.13373458813978121e-05,0.064949267754536022
7.79658195254050201e-05,0.93495016020076116,2.13376189471086801e-05,0.0649505363607663783
7.79637924718315907e-05,0.934950002179803064,2.13376519585128779e-05,0.0649506963757665451
7.79613680852573367e-05,0.934948272488083876,2.13380276686839144e-05,0.0649524281161622669
7.79589977205004164e-05,0.934947338732156852,2.13382297199610013e-05,0.0649533640404028612
7.79570129018080391e-05,0.934946649276032549,2.13383787381431031e-05,0.0649540553323273567
7.79563153601532714e-05,0.934946155451648941,2.13384860009359248e-05,0.0649545497469899702
7.79555876392880955e-05,0.934945869211674663,2.13385479403983068e-05,0.0649548366527455401
7.79495903843646008e-05,0.934944358003625187,2.13388733683959124e-05,0.0649563535326220104
7.79473654192078909e-05,0.934943107166429477,2.13391447229032071e-05,0.0649576063234283824
7.79451799437799286e-05,0.934942382820432516,2.13393012092060421e-05,0.0649583326984145837
7.79430161578745809e-05,0.934941545979994015,2.13394822611824453e-05,0.0649591715215867976
7.79408829839526673e-05,0.934940686332027315,2.13396683128174133e-05,0.0649600331166758638
7.79387663067654911e-05,0.934939887710250384,2.13398410586637137e-05,0.0649608336823843668
7.79366731092545666e-05,0.934939108675167385,2.13400095472137333e-05,0.0649616146421762297
7.79346277702875793e-05,0.934938346651246199,2.13401743582914655e-05,0.064962378546625052
7.79331615708447575e-05,0.934937697833747472,2.13403148859947294e-05,0.0649630286897958514
7.79312424845786503e-05,0.934937082512799944,2.13404477739174242e-05,0.0649636457969416797
7.7929208549319204e-05,0.934936339618284373,2.13406084187760424e-05,0.064964390564747565
7.79271579056105718e-05,0.93493558967808954,2.13407705891396976e-05,0.0649651423934158589
7.79250458793283144e-05,0.934934811107390518,2.13409389628248125e-05,0.0649659229077673428
7.79230202310620437e-05,0.934934047987732164,2.13411040275881975e-05,0.0649666878880090781
7.79212102844953033e-05,0.934933246111248062,2.13412777073291357e-05,0.0649674914007601773
7.79206121015209714e-05,0.934932984748164553,2.13413343129920756e-05,0.0649677533054209277
7.79169085640561205e-05,0.934931821181630318,2.13415855458696796e-05,0.0649689203242598129
7.79153138172927241e-05,0.934931142581193808,2.13417324798868688e-05,0.0649696003725091231
7.79145400821113708e-05,0.934930746809311874,2.1341818289822957e-05,0.0649699968323160515
7.79140579039170261e-05,0.934930483130270829,2.13418754853545151e-05,0.0649702609363398964
7.79094584692183347e-05,0.934929660669527762,2.13420516258805419e-05,0.0649710878203771103
7.79077172477239937e-05,0.934928410277730659,2.13423232363340679e-05,0.0649723396817853127
7.79060146876720271e-05,0.934927821368335965,2.13424505186362586e-05,0.0649729301664577208
7.79043314718714131e-05,0.934927142365970965,2.13425974762023055e-05,0.0649736107050808559
7.79026658823594385e-05,0.934926475556086878,2.13427417858667909e-05,0.0649742790362446976
7.79010025866712998e-05,0.93492585055754418,2.13428769726910943e-05,0.0649749055628966316
7.78993561392346876e-05,0.934925239315738232,2.13430091696755056e-05,0.0649755183189528462
7.7898651739239283e-05,0.934924801400152994,2.13431042275381929e-05,0.0649759568438803142
7.78961207827000724e-05,0.934924236538470677,2.13432256584446031e-05,0.0649765241150879747
7.78952513457838522e-05,0.934923583145540471,2.13433676205730198e-05,0.0649771782354931077
7.78936854002907708e-05,0.934922973452585793,2.134349953813084e-05,0.0649777893624759184
7.78931274292081032e-05,0.934923084690714612,2.13434748615449582e-05,0.0649776787069945572
7.7889607200688356e-05,0.934921725329656006,2.13437689561772181e-05,0.0649790412941870371
7.78880941988612462e-05,0.934921061779647067,2.1343912665982562e-05,0.0649797062134882669
7.78866147339290501e-05,0.934920496835547787,2.13440348813353157e-05,0.0649802725148369009
7.78858597111283543e-05,0.934920089772623752,2.13441231697016152e-05,0.0649806802444954229
7.78835724736496476e-05,0.934919607539304032,2.13442267464738624e-05,0.0649811646614757987
7.78848760682532217e-05,0.934919258024960342,2.13443039756665587e-05,0.06498151279499563
7.7880546699686965e-05,0.934918581099250412,2.13444485534354541e-05,0.0649821939054965048
7.78791277328447727e-05,0.934917755791109251,2.13446276327544819e-05,0.0649830204535250672
7.78777231507368561e-05,0.934917200023204553,2.13447479004067982e-05,0.064983577505744336
7.78765030938153164e-05,0.93491670798723403,2.13448543941726337e-05,0.0649840706552779201
7.7876616413352054e-05,0.934916509437581533,2.13448978111556891e-05,0.0649842690481939184
7.78734555057777683e-05,0.934916119305160498,2.13449806528864787e-05,0.0649846622586807837
7.78720988886811411e-05,0.934915109336413974,2.13452000766430107e-05,0.0649856733646207579
7.78707679498378473e-05,0.934914577800864288,2.13453151099219031e-05,0.0649862061160760562
7.78694513452359211e-05,0.934914123819592158,2.13454132288996387e-05,0.0649866613158338186
7.7869067109232162e-05,0.934913813478331468,2.13454806801939344e-05,0.0649869719738792595
7.78697282937578438e-05,0.934913835989607866,2.13454762541032419e-05,0.0649869488058442135
7.78654494153409343e-05,0.934912734885803287,2.13457134382517334e-05,0.0649880539513433414
7.78641865404597946e-05,0.93491223566320969,2.13458214696613164e-05,0.0649885543287801598
7.78632407672432564e-05,0.934911784301273419,2.13459192873555686e-05,0.0649890065386720256
7.78635626606559786e-05,0.934911709556433546,2.13459358388642809e-05,0.0649890809450667933
7.7860371637015612e-05,0.934910818477664995,2.13461279813057749e-05,0.064989975022716584
7.7860629407976452e-05,0.934910587806607074,2.13461785141065106e-05,0.0649902053854710116
7.78576672959393812e-05,0.934909954331537785,2.13463146060711431e-05,0.0649908416865601912
7.78575988574261153e-05,0.934909541636629537,2.13464046251184199e-05,0.0649912543598877984
7.78554718886000465e-05,0.934909297006366491,2.13464564668984613e-05,0.0649915010652781511
7.78543091899236813e-05,0.934908535732986823,2.13466217597846919e-05,0.0649922633360634217
7.78531209062937267e-05,0.934908362945217841,2.13466586072526229e-05,0.0649924372752686413
7.78550319268614968e-05,0.934907958769903291,2.13467482084277115e-05,0.0649928394499614814
7.78507568164707345e-05,0.934907403407512771,2.13468662985227498e-05,0.0649933989693722153
7.78496391719051071e-05,0.934906755932981448,2.13470067896399705e-05,0.0649940474210570496
7.78485378569171573e-05,0.934906364040255511,2.13470915166857573e-05,0.0649944403303709534
7.78486003473846021e-05,0.93490614366811442,2.13471396601542917e-05,0.0649946605918780979
7.78499095235917149e-05,0.934906417406037971,2.13470808814405534e-05,0.0649943856035570811
7.78450380646702691e-05,0.934905503808170613,2.13472767152311909e-05,0.0649953038770495484
7.78439775233382417e-05,0.934904580482349479,2.13474774477017365e-05,0.0649962280626796285
7.78429403421512908e-05,0.934904216315665226,2.13475561710644244e-05,0.0649965931878216524
7.78419125939670993e-05,0.934903914540980541,2.13476212854531012e-05,0.064996895925140144
7.78408919217601903e-05,0.934903538424273095,2.13477026288354824e-05,0.0649972729811762601
7.78398813318809541e-05,0.934903135319181011,2.13477898693420187e-05,0.0649976770096178519
7.78388756795122421e-05,0.934902756836978766,2.13478717400159756e-05,0.0649980564156018847
7.78390390357447951e-05,0.934902588830732295,2.13479085296355577e-05,0.0649982242217023304
7.78365225262087621e-05,0.934902095753097795,2.13480143084595071e-05,0.0649987197100676678
7.78364726464586516e-05,0.93490179118404193,2.13480807452141678e-05,0.0649990242625664572
7.78360625528206484e-05,0.934901642294442947,2.13481129456419642e-05,0.0649991735300584073
7.78338585081602715e-05,0.934900948233218787,2.13482628130196646e-05,0.0649998696454601593
7.78342544963546142e-05,0.934900936691728801,2.134826562802661e-05,0.0649998807881466967
7.78320764784526766e-05,0.934900225772379079,2.13484191923815136e-05,0.0650005937319502597
7.78316393438939692e-05,0.934900171200553021,2.13484307905662743e-05,0.0650006487293126184
7.78300846955871239e-05,0.934899500163912878,2.13485761062414539e-05,0.0650013211752853148
7.78289824292520866e-05,0.934899588242492308,2.1348556088919273e-05,0.0650012342189895814
7.7828068704946884e-05,0.934898748481305608,2.13487386929165138e-05,0.0650020747112966951
7.78271751213629933e-05,0.93489837727240821,2.13488190587447028e-05,0.0650024467334116562
7.78271118583793151e-05,0.934898226804882659,2.13488518566170005e-05,0.0650025972314021566
7.78277658062241515e-05,0.934898348800200285,2.13488257170325731e-05,0.0650024746082763366
7.78243865302999876e-05,0.934897605129611842,2.13489855555261153e-05,0.0650032214983023715
7.7823525039168016e-05,0.934897017419481946,2.13491131924167723e-05,0.0650038099422863419
7.78226792465293581e-05,0.934896727845689557,2.13491757780474335e-05,0.0650041002992859246
7.78218443027578878e-05,0.934896422632247259,2.13492417847190688e-05,0.0650044062816653723
7.78209668329951442e-05,0.934896232023074369,2.13492827502224141e-05,0.065004597727342267
7.78216431407696165e-05,0.934896112364135501,2.1349309363897257e-05,0.0650047166833599005
7.78206536515989631e-05,0.93489559657832666,2.13494212113437464e-05,0.0650052333468103954
7.78271707272049822e-05,0.934896268384008633,2.13492793544712283e-05,0.0650045551659096804
7.78175159231838173e-05,0.934894853611996646,2.13495810809556798e-05,0.0650059792909991191
7.78167231143557628e-05,0.934894444998822238,2.13496696838463868e-05,0.065006388608379595
7.78159430866753491e-05,0.934894246545094565,2.13497124326933669e-05,0.0650065877993859786
7.78152783895482705e-05,0.934893934177730035,2.13497801251215712e-05,0.0650069007637551904
7.7814001608211459e-05,0.934893816293406732,2.13498049292557308e-05,0.0650070199000559457
7.7815300314907951e-05,0.934893663452344037,2.13498392384875678e-05,0.0650071714081024432
7.78127664284656483e-05,0.93489317153545326,2.13499447532367918e-05,0.0650076657533649321
7.78129856836607433e-05,0.934892860796149971,2.13500127342637139e-05,0.0650079762054320831
7.78111742021149499e-05,0.934892818021993754,2.13500207584124829e-05,0.0650080207830457668
7.78104328047789294e-05,0.934892213246032666,2.13501522082878375e-05,0.0650086261689542533
7.78097238787633412e-05,0.934891915628301984,2.13502166502638916e-05,0.0650089244311689435
7.7811233479116321e-05,0.934892114836875843,2.1350174284962019e-05,0.0650087237553599318
7.78081977408110143e-05,0.934891434018819134,2.13503206588255663e-05,0.0650094074627811797
7.78078509762594251e-05,0.934891181875580846,2.13503754408284817e-05,0.0650096598980021284
7.78084097921681058e-05,0.934891195337825498,2.13503729190600973e-05,0.065009645879463146
7.78059690416491067e-05,0.934890828786433925,2.13504511435727597e-05,0.0650100147933807826
7.7805273424511444e-05,0.934890243473686211,2.13505783798844157e-05,0.0650106006745095194
7.78046307956045143e-05,0.934890009559319335,2.13506289686454741e-05,0.0650108351809163404
7.78044734468834662e-05,0.934889897409276638,2.13506533381086238e-05,0.0650109474639382207
7.78048608616157595e-05,0.934889934769453035,2.13506454766305571e-05,0.0650109097242085876
7.7802421694414886e-05,0.934889641266839044,2.13507077611699877e-05,0.0650112056037054215
7.78017601563283956e-05,0.934889025159245768,2.13508417431440559e-05,0.0650118222388545719
7.78011166301211519e-05,0.934888765736756056,2.13508978983679052e-05,0.0650120822487156719
7.78004776195950721e-05,0.93488848912432776,2.13509578083586241e-05,0.0650123594402442495
7.77997984091662053e-05,0.934888467760718767,2.1350961985613422e-05,0.0650123814788864246
7.77998682348574549e-05,0.934888125318136476,2.13510367784261597e-05,0.0650127237768503147
7.77983556208529858e-05,0.934887876969748066,2.13510898843640503e-05,0.0650129735847467805
7.77972750106287181e-05,0.934887672138790315,2.1351133808199485e-05,0.0650131794523907264
7.78040794588309698e-05,0.934887768430535337,2.13511177595037095e-05,0.0650130763722464033
7.77965315847430332e-05,0.934887069822112671,2.1351264731802258e-05,0.0650137823815708643
7.77966837040591595e-05,0.934886882890390458,2.13513056474622986e-05,0.0650139691202579334
7.77953461549090814e-05,0.934886750254688148,2.13513336362543891e-05,0.0650141030655206342
7.77946567431912772e-05,0.934886566599796742,2.13513732169925478e-05,0.0650142873702431179
7.77948971252126942e-05,0.934886210259658346,2.13514511674034715e-05,0.0650146433920490846
7.77955486760472737e-05,0.934886129341624961,2.1351469311708232e-05,0.0650147236403872814
7.77928258607329937e-05,0.9348857412829219,2.13515520262874704e-05,0.065015114339191174
7.77915796963725436e-05,0.934885655062102527,2.13515699475689031e-05,0.0650152017882534572
7.77929845346410858e-05,0.93488544899043402,2.13516159515090217e-05,0.0650154064090797124
7.77908172790593824e-05,0.934885247264083175,2.13516584090030581e-05,0.0650156102602286595
7.7790533174874245e-05,0.934884870335917162,2.13517404693948717e-05,0.0650159873904385954
7.77898774817675418e-05,0.934884841927349219,2.13517462029139051e-05,0.0650160164489661796
7.77905696261083931e-05,0.93488446189426655,2.13518296537698244e-05,0.0650163957064536502
7.77887512226711948e-05,0.934884312335774736,2.13518609794644837e-05,0.0650165470520230465
7.77882185820616385e-05,0.934884279270809637,2.13518678199608639e-05,0.0650165806427885212
7.77883009328763774e-05,0.934883778561581114,2.13519771611185807e-05,0.0650170811603250076
7.77870770037964387e-05,0.934883602490315768,2.13520147063714236e-05,0.0650172584179740803
7.77877473866105053e-05,0.934883558383727609,2.13520248321586359e-05,0.0650173018440536044
7.77860550662584415e-05,0.934883171968802329,2.1352107939701202e-05,0.0650176898681918553
7.77854406963795911e-05,0.934883069429944924,2.13521298817494678e-05,0.0650177929994770892
7.77858194692034743e-05,0.934882885521946871,2.13521703045680738e-05,0.0650179764882792832
7.77859347424547323e-05,0.934882761229493098,2.13521975255231103e-05,0.0650181006382388738
7.77843966557633558e-05,0.934882393806826362,2.13522766009039836e-05,0.0650184695199169244
7.77830455936959707e-05,0.93488228594745626,2.13522991683765189e-05,0.0650185787077816463
7.77828530698632657e-05,0.934881989334527264,2.13523637711104581e-05,0.0650188754486317744
7.77822976935301408e-05,0.934881863802717317,2.13523907745736612e-05,0.0650190015088145806
7.77817614264627807e-05,0.934881938342665419,2.13523741300837028e-05,0.0650189275217780555
7.77812794636120481e-05,0.934881387369857486,2.13524940319033498e-05,0.0650194788566470228
7.77807864346710106e-05,0.934881339012438417,2.13525042392223994e-05,0.0650195276968875691
7.77802950913442949e-05,0.934881102652750373,2.13525554759199149e-05,0.065019764496682203
7.77805217144801473e-05,0.934880936585533173,2.13525918955586464e-05,0.0650199303008566487
7.77810347078805781e-05,0.934881081728014207,2.13525606082866315e-05,0.0650197846766696758
7.77818737896188324e-05,0.934881283057419354,2.13525172965473486e-05,0.0650195825514943704
7.77782308307107601e-05,0.934880393905469509,2.13527086983021491e-05,0.0650204751550014087
7.77777876777929831e-05,0.934880031400721512,2.13527874995277308e-05,0.0650208380241010242
7.77773514403188877e-05,0.934879884236054726,2.13528193119024901e-05,0.065020985593193234
7.77769162368058492e-05,0.934879742383839529,2.13528499658061609e-05,0.0650211278499577411
7.777648139801544e-05,0.934879566601911738,2.13528880246335518e-05,0.0650213040286656274
7.77760483349236782e-05,0.934879392359451056,2.13529257489172536e-05,0.0650214786664651406
7.77755967826756518e-05,0.934879367926849669,2.13529307666154992e-05,0.0650215035456010032
7.7775133425567544e-05,0.934879264330765403,2.13529530518140169e-05,0.065021607582757171
7.77775020303879346e-05,0.934879010566350255,2.13530101676678521e-05,0.0650218589214515558
7.77742466934218526e-05,0.934878884269762733,2.13530353771560763e-05,0.0650219884481666871
7.77738448566222862e-05,0.9348786727869558,2.13530812518267563e-05,0.0650222002869358662
7.77733690649250398e-05,0.934878678208706737,2.13530797373969699e-05,0.0650221953424909432
7.77729407191800034e-05,0.934878458760134201,2.13531273313859242e-05,0.0650224151718152982
7.77725044056774774e-05,0.934878322878201384,2.13531566828323718e-05,0.065022551460710204
7.7772086518682938e-05,0.934878156015115036,2.13531928089130347e-05,0.0650227187055573003
7.77729066937362724e-05,0.934877990932932779,2.1353229448130289e-05,0.0650228829309252992
7.77713750508628686e-05,0.934877758214018639,2.13532791351035239e-05,0.065023117131795316
7.77720205685451717e-05,0.934877675919573714,2.13532975806378322e-05,0.065023198762277204
7.77703854018269708e-05,0.93487746985920761,2.1353341374620016e-05,0.0650234064140159801
7.77714442542845483e-05,0.934877377122387165,2.13533624007000392e-05,0.0650234980709578497
7.7769601337569888e-05,0.934877092298728729,2.1353423232101577e-05,0.0650237846767016403
7.77692000014125739e-05,0.934877091856242126,2.13534230530321238e-05,0.0650237855207035503
7.77697113971368846e-05,0.934876876485719599,2.13534704427805603e-05,0.0650240003324403515
7.7770451313829552e-05,0.934877083605709203,2.13534257984946928e-05,0.0650237925171784636
7.77679530037054536e-05,0.934876579812903397,2.13535339394096067e-05,0.065024298700153485
7.776759625676582e-05,0.934876301539902421,2.13535944247104397e-05,0.0650245772694161839
7.77672467678522622e-05,0.934876133537210774,2.13536308509765433e-05,0.0650247455851703932
7.77693670236319931e-05,0.934876173318393455,2.13536237308544414e-05,0.0650247036908521009
7.77664593989910033e-05,0.934875981209516538,2.13536635552899557e-05,0.0650248986675291962
7.77661118602187608e-05,0.934875704592930235,2.13537236863999977e-05,0.0650251755715232638
7.77657449242060176e-05,0.934875820444180161,2.13536981546501063e-05,0.0650250601127409927
7.776606324237679e-05,0.934875552135787991,2.13537569578799258e-05,0.0650253280440117043
7.77661144882679605e-05,0.934875484147391078,2.13537718507384956e-05,0.0650253959662697584
7.77645359624784419e-05,0.934876464006671459,2.13535568830307375e-05,0.065024417900483078
7.77641877626073652e-05,0.934875275270577122,2.13538160679363411e-05,0.0650256067255922804
7.77638636713220895e-05,0.934875012976908559,2.13538730911379585e-05,0.0650258692863289606
7.77635407644887915e-05,0.934874776818795272,2.13539244119401976e-05,0.0650261057160285566
7.77632199848548976e-05,0.934874617049574419,2.13539590639789129e-05,0.0650262657713766984
7.776290067852546e-05,0.934874497839898955,2.13539848658748483e-05,0.0650263852745567028
7.77621920073838475e-05,0.934874501969527372,2.13539834671151697e-05,0.0650263818549982192
7.77708683612395995e-05,0.934875270194559849,2.13538221546743781e-05,0.0650256051149243758
7.77618286407494449e-05,0.934874276922768921,2.1354032354675321e-05,0.0650266072162354047
7.77615186178539194e-05,0.934874037521821299,2.13540843933836177e-05,0.0650268468751674239
7.77624751557495769e-05,0.93487398010857925,2.13540976393010557e-05,0.0650269033186256368
7.77631171937417112e-05,0.934873937164497737,2.13541074979425704e-05,0.0650269456108103772
7.77603919326294319e-05,0.934873781074180177,2.13541395982133931e-05,0.0650271043942887428
7.776073619205308e-05,0.934873618803368833,2.13541752816924969e-05,0.0650272662851573702
7.77598462613600047e-05,0.934873946487602248,2.13541031443004153e-05,0.0650269395629919922
7.7759536412639715e-05,0.934873320023840937,2.13542396526057123e-05,0.0650275662000937005
7.77592480924766148e-05,0.934873184349799713,2.13542690719399533e-05,0.065027702133035728
7.77605632435758446e-05,0.934873301391927591,2.13542445085789239e-05,0.065027583800320185
7.77585701075851876e-05,0.934873197582055115,2.13542657328875572e-05,0.0650276895821044615
7.77582843950315824e-05,0.934872819429627189,2.13543480710884813e-05,0.0650280679379065807
7.77580061881776523e-05,0.934872706148754395,2.13543726115896229e-05,0.0650281814724459895
7.77577056096321868e-05,0.93487269924657046,2.13543739207830552e-05,0.0650281886738991594
7.77589359923785706e-05,0.934872772138885755,2.13543589315290121e-05,0.0650281145661902454
7.77570142796559297e-05,0.934872971201439751,2.13543141123371125e-05,0.0650279174701682561
7.77567337216544433e-05,0.934872245596099272,2.13544722803992664e-05,0.0650286431978986945
7.77564699414443121e-05,0.934872103225523166,2.13545031806080972e-05,0.0650287858013548353
7.77562127891091333e-05,0.934872026933240452,2.13545196654557943e-05,0.0650288623343049793
7.77568434125299802e-05,0.934872040778986446,2.13545171264978757e-05,0.0650288478604745396
7.77570146983572175e-05,0.934872008190996695,2.13545243857488187e-05,0.0650288802699191537
7.77553421871029972e-05,0.934871870710726194,2.13545531934340226e-05,0.0650290193938935362
7.77614718353258726e-05,0.934872158871889014,2.13544947951230622e-05,0.0650287251614806577
7.7754707540125123e-05,0.934871615440509007,2.13546084864449694e-05,0.0650292752434643712
7.77544593823425648e-05,0.934871417209656386,2.13546515898369392e-05,0.0650294736793715217
7.77542124296009971e-05,0.934871284387889467,2.13546804199714571e-05,0.0650296067192609184
7.77553533002010828e-05,0.934871286934132906,2.13546807194522647e-05,0.0650296030318473217
7.77537113396797858e-05,0.934871208191356495,2.13546967322174277e-05,0.0650296834005717472
7.7753369350000819e-05,0.934871361395198552,2.13546630741391603e-05,0.0650295305723774669
7.77531199827795431e-05,0.93487088603464763,2.13547666559155494e-05,0.0650300060787136897
7.77538918294956414e-05,0.934870869504284885,2.13547708505237959e-05,0.0650300218330350094
7.77525794458230261e-05,0.934871174028473417,2.13547034635913461e-05,0.0650297186886173301
7.77523322021904086e-05,0.93487060934997801,2.13548265393684245e-05,0.0650302834912803301
7.77525013722149549e-05,0.934870572081331841,2.13548348214567101e-05,0.0650303205824743352
7.77518256825475293e-05,0.934870591384716509,2.13548301426620896e-05,0.0650303019594581921
7.77520437902851969e-05,0.934870410182998879,2.13548698707568456e-05,0.0650304829033401949
7.77512731911776959e-05,0.934870451399817504,2.1354860341812443e-05,0.0650304424666495323
7.77510452374277308e-05,0.934870070057613134,2.1354943423302251e-05,0.0650308239537262661
7.77510896645811203e-05,0.934870048275238896,2.13549482360003155e-05,0.0650308456868606694
7.77522105552924095e-05,0.934870270719049268,2.13549005351596761e-05,0.0650306221698601916
7.77503102161839643e-05,0.93486991317152579,2.13549772064154428e-05,0.0650309815410518299
7.77500626156988055e-05,0.934870130727191939,2.13549295758693528e-05,0.0650307642806163544
7.7749902152019149e-05,0.934869668932583275,2.1355030264923981e-05,0.0650312261349997034
7.77495821204990248e-05,0.934869717031800107,2.13550195649200725e-05,0.0650311783665143694
7.77493463306504684e-05,0.934869593317174896,2.13550464177423285e-05,0.0650313022900768645
7.77567948887057528e-05,0.934870121743688332,2.13549365505494941e-05,0.065030766524872427
7.77487858799592955e-05,0.93486936240853391,2.1355096457971352e-05,0.0650315337091283419
7.7748586765595491e-05,0.934869154052001439,2.13551418117080789e-05,0.0650317422194212763
7.77483907489274248e-05,0.934869110032219508,2.13551513044612269e-05,0.0650317864257270589
7.77481925900931398e-05,0.934869039980900207,2.13551664767907926e-05,0.065031856660033166
7.77506652271521239e-05,0.934869126316493437,2.13551494656303578e-05,0.0650317678688139417
7.77477441402061464e-05,0.934868936288321573,2.13551888383586918e-05,0.065031960778699785
7.77480952838677388e-05,0.934868870954911002,2.13552033818327964e-05,0.0650320257464233192
7.77472774394141882e-05,0.934869118282376288,2.13551488417382489e-05,0.0650317792913426979
7.77470760668754542e-05,0.934868629200156231,2.13552554587090618e-05,0.0650322684683182356
7.77468758651310166e-05,0.934868709077798399,2.13552379139000825e-05,0.0650321888084225141
7.77525080620521293e-05,0.934868764457291057,2.13552299569928242e-05,0.065032127804689796
7.77472623471774695e-05,0.934868490944566366,2.13552858588033486e-05,0.0650324065072276913
7.77461845494574868e-05,0.934868684525972937,2.1355242859950735e-05,0.0650322140466175758
7.77459925224388516e-05,0.934868230304183978,2.13553418771258738e-05,0.0650326683614164264
7.77467864733457015e-05,0.934868197022776348,2.13553497501321166e-05,0.0650327008410001295
7.77455614181518716e-05,0.934868190777475183,2.13553502532119433e-05,0.0650327083108533932
7.77453880608376636e-05,0.934868216529941676,2.13553445394189419e-05,0.0650326827374581168
7.77458887325375091e-05,0.934868063496193891,2.13553783334684979e-05,0.065032835236740083
7.77461893022921415e-05,0.934868008381632976,2.13553906130881747e-05,0.0650328900384515851
7.77445383804463099e-05,0.934867906725584508,2.13554116359085103e-05,0.0650329933243990882
7.77445599463340574e-05,0.934867796486152702,2.13554357354843506e-05,0.0650331035181653666
7.77456358845658773e-05,0.934867735693566293,2.13554498196743213e-05,0.0650331632207296062
7.77441279030397555e-05,0.93486809892360434,2.13553694879579109e-05,0.0650328015790045122
7.77439458983566074e-05,0.934867507733357805,2.13554984053366227e-05,0.0650333928223386093
7.77437824605865081e-05,0.934867404590950746,2.13555208298082888e-05,0.0650334961057588007
7.77458466036113206e-05,0.934867534991985494,2.1355493910131579e-05,0.065033363667500621
7.7744684723550774e-05,0.934867335254353615,2.13555366879594492e-05,0.0650335645242347965
7.77432084451334726e-05,0.934867445155714849,2.13555116648888076e-05,0.0650334561241750764
7.77432782841079063e-05,0.934867129646305139,2.13555806051708897e-05,0.0650337714948055617
7.77475561791419665e-05,0.934868081720789168,2.13553759839711448e-05,0.0650328153470477593
7.77425617354942359e-05,0.934867037289505376,2.13556003108007212e-05,0.0650338645484482558
7.77424117184017104e-05,0.934866862936445275,2.13556382874359177e-05,0.0650340390135488305
7.77422635959928136e-05,0.934866823850181716,2.13556467462468094e-05,0.0650340782394760453
7.77421127067207351e-05,0.934866747531962194,2.13556633285263754e-05,0.0650341546920025493
7.77422147818475828e-05,0.934866701838193648,2.13556734119150249e-05,0.0650342002736126329
7.77425386334141454e-05,0.934866768642037105,2.1355659105564216e-05,0.065034133160223731
7.77415552025946462e-05,0.934866738365944916,2.13556650359475468e-05,0.0650341644138164449
7.77414067850929554e-05,0.934866535926717757,2.13557091448116469e-05,0.0650343669573523464
7.77433087263683132e-05,0.934866562657787781,2.13557047346737122e-05,0.0650343383287512317
7.77414607326959862e-05,0.934866445223350162,2.13557290559161572e-05,0.0650344575868612579
7.77408409982258098e-05,0.934867276601218045,2.13555472109322079e-05,0.0650336270105728032
7.77406791076289887e-05,0.934866323365570961,2.1355755158712646e-05,0.0650345802001629225
7.77405407884137491e-05,0.934866198496904111,2.13557823481235657e-05,0.0650347051799594622
7.77404345181660476e-05,0.934866123610879063,2.13557986533944673e-05,0.065034780155949462
7.7740219364741769e-05,0.934866322671324079,2.13557550960546407e-05,0.0650345813542150264
7.77401028402472343e-05,0.934866012243826261,2.13558227969342755e-05,0.0650348918305363871
7.77397039688082638e-05,0.93486607051342363,2.13558098312765431e-05,0.0650348339727764707
7.77397439729006284e-05,0.934866025612196339,2.13558197000425478e-05,0.0650348788241305736
7.77393178570880578e-05,0.934865978574142775,2.1355829698138476e-05,0.0650349262783019577
7.77403769581368084e-05,0.934865924661663739,2.13558422763932861e-05,0.0650349791191016657
7.77419723958380987e-05,0.934866393483164915,2.13557411690198461e-05,0.0650345088032700802
7.77390008380354606e-05,0.934865837572891878,2.13558603647458555e-05,0.0650350675659053939
7.77388748970567591e-05,0.934865541567572511,2.1355924913859536e-05,0.0650353636326165691
7.77387544673627099e-05,0.934865508683237922,2.13559320460056806e-05,0.0650353966302488068
