"max_time": 0.779074999626781
"critical_time": 0.7519999998807062
"tau": 0.777660157519
"dt": 2.5e-08
"atol": 1e-19
"rtol": 1e-16
"deltaN1": 5000
"deltaN2": 1000
"init_temperature": 650
"end_temperature": 2800
